2.95651 100.000
2.96582 97.217
3.12057 4.835
5.03458 0.424
5.30803 0.453
5.32361 2.578
5.91499 11.579
5.93363 10.134
6.24347 3.482
7.70941 0.992
7.72016 0.973
8.00980 2.107
8.03737 1.250
8.19492 0.183
8.21177 0.062
8.87742 0.604
8.90543 0.749
9.37101 0.319
10.07892 0.249
10.54283 0.171
10.56384 0.220
10.62749 0.099
10.65875 0.343
10.85264 1.643
10.89090 0.754
11.21614 0.033
11.23344 0.240
11.84581 0.165
11.88325 0.151
12.50556 0.115
12.69930 0.017
12.71024 0.093
13.28402 0.253
13.32791 0.524
13.44007 0.122
13.47108 0.275
13.47196 0.066
13.50495 0.003
13.75458 0.649
13.80305 0.237
14.29291 0.058
14.31044 0.037
14.82221 0.237
14.86914 0.219
15.14292 0.052
15.45398 0.011
15.47563 0.126
15.64954 0.048
15.97004 0.018
15.99327 0.832
16.01718 0.048
16.05908 0.016
16.11463 0.037
16.13424 0.141
16.19699 0.094
16.23813 0.181
16.30077 0.171
16.37304 0.213
16.39996 0.395
16.40023 0.308
16.41395 0.086
16.43212 0.036
16.46610 0.021
16.61668 0.077
16.63395 0.138
16.69064 0.103
16.74917 0.040
16.79899 0.078
16.80973 0.179
16.93483 0.220
16.93563 0.038
16.98976 0.386
17.01217 0.508
17.08723 0.270
17.13171 0.248
17.31758 0.203
17.37540 0.026
17.40264 0.002
17.42032 0.027
17.50155 0.179
17.57247 0.067
17.60078 0.011
17.68758 0.176
17.74976 0.020
17.76080 0.021
17.80869 0.058
17.84630 0.002
17.86523 0.168
17.88740 0.065
17.95846 0.088
17.95971 0.098
17.96121 0.068
18.04719 0.070
18.15815 0.106
18.24237 0.183
18.25008 0.799
18.28818 0.023
18.29735 0.018
18.29761 0.010
18.32034 0.021
18.41744 0.194
18.61853 0.009
18.65381 0.331
18.67248 0.390
18.67870 0.035
18.80543 0.018
18.80827 0.002
18.82363 0.056
18.83406 0.140
18.83794 0.093
18.85745 0.058
18.90645 0.067
18.94044 0.121
18.97315 0.027
19.01120 0.182
19.13861 0.050
19.20704 0.021
19.22113 0.049
19.33173 0.053
19.35663 0.028
19.37761 0.115
19.38253 0.055
19.38311 0.008
19.39612 0.132
19.39775 0.046
19.46222 0.025
19.49684 0.015
19.50738 0.209
19.55704 0.056
19.63601 0.102
19.65182 0.099
19.72036 0.031
19.78642 0.115
19.81407 0.076
19.86838 0.322
19.93954 0.017
20.02264 0.034
20.07389 0.085
20.10100 0.096
20.19068 0.334
20.23688 0.055
20.36711 0.002
20.38112 0.278
20.47008 0.039
20.49208 0.051
20.50172 0.124
20.51674 0.009
20.53776 0.004
20.55558 0.025
20.65601 0.064
20.67783 0.006
20.76467 0.110
20.76709 0.018
20.78872 0.036
20.80742 0.011
20.84051 0.056
20.87368 0.123
20.96071 0.117
21.09596 0.017
21.16713 0.058
21.16905 0.052
21.17860 0.043
21.20374 0.016
21.21882 0.039
21.23543 0.008
21.31561 0.045
21.34780 0.023
21.36642 0.046
21.36748 0.048
21.38463 0.089
21.41089 0.015
21.41114 0.051
21.43999 0.013
21.64001 0.116
21.72342 0.192
21.74619 0.003
21.78637 0.315
21.79678 0.007
21.80418 0.006
21.80868 0.075
21.86776 0.085
21.92064 0.007
21.97578 0.010
22.02156 0.048
22.03558 0.062
22.07249 0.027
22.15886 0.031
22.20068 0.054
22.31252 0.024
22.36671 0.254
22.37326 0.006
22.45779 0.116
22.46022 0.026
22.52112 0.017
22.54158 0.007
22.55602 0.017
22.57669 0.003
22.61268 0.002
22.63491 0.051
22.64447 0.094
22.71352 0.019
22.72286 0.007
22.74544 0.004
22.78512 0.020
22.78639 0.227
22.81845 0.012
22.83582 0.056
22.84762 0.040
22.85876 0.002
22.86231 0.039
23.18218 0.044
23.19958 0.019
23.20174 0.007
23.26672 0.035
23.26958 0.021
23.27038 0.002
23.27758 0.016
23.27779 0.010
23.30324 0.040
23.39914 0.001
23.46024 0.041
23.46861 0.082
23.48552 0.054
23.54431 0.026
23.62391 0.097
23.69606 0.011
23.71401 0.010
23.73522 0.198
23.82064 0.012
23.88759 0.044
23.89676 0.051
23.93679 0.039
24.06324 0.015
24.06949 0.024
24.08161 0.007
24.10549 0.014
24.12245 0.035
24.15844 0.018
24.16295 0.016
24.18909 0.006
24.19498 0.088
24.19654 0.004
24.23971 0.004
24.26218 0.004
24.27348 0.014
24.27424 0.006
24.34647 0.031
24.40731 0.046
24.56335 0.008
24.56699 0.145
24.61203 0.023
24.63711 0.065
24.69537 0.003
24.74132 0.017
24.75591 0.002
24.77761 0.013
24.80447 0.122
24.80756 0.006
24.82968 0.011
24.84522 0.002
24.87963 0.001
24.94180 0.006
25.01637 0.122
25.02367 0.021
25.02940 0.003
25.16325 0.017
25.18611 0.003
25.19460 0.025
25.31459 0.012
25.31672 0.017
25.37160 0.005
25.38537 0.018
25.43172 0.008
25.43589 0.054
25.43822 0.025
25.47433 0.008
25.54816 0.003
25.55801 0.006
25.58030 0.003
25.59642 0.027
25.60766 0.004
25.63928 0.030
25.66044 0.005
25.66153 0.002
25.72808 0.008
25.72900 0.036
25.74568 0.045
25.75962 0.037
25.78199 0.018
25.79331 0.003
26.01890 0.099
26.10680 0.079
26.13165 0.004
26.17530 0.010
26.19470 0.021
26.19834 0.002
26.26794 0.018
26.31747 0.012
26.39916 0.040
26.45322 0.044
26.51767 0.013
26.53671 0.006
26.54413 0.014
26.54748 0.005
26.56360 0.049
26.60662 0.009
26.75089 0.004
26.77359 0.003
26.84052 0.007
26.85066 0.003
26.85966 0.007
26.87770 0.013
26.89578 0.005
26.89629 0.036
26.93485 0.069
26.93681 0.034
26.95416 0.078
26.96548 0.009
26.98498 0.032
27.06744 0.009
27.06960 0.019
27.13296 0.022
27.13476 0.005
27.16348 0.001
27.18197 0.023
27.20219 0.025
27.21152 0.003
27.21225 0.013
27.22978 0.024
27.23041 0.002
27.36545 0.010
27.40011 0.021
27.40939 0.144
27.45952 0.006
27.53873 0.047
27.60961 0.012
27.66318 0.006
27.71249 0.003
27.72920 0.001
27.76603 0.007
27.82221 0.009
27.83255 0.042
27.83382 0.022
27.83503 0.004
27.87473 0.006
27.99747 0.006
28.00874 0.007
28.04391 0.002
28.11733 0.004
28.14992 0.009
28.19920 0.069
28.22295 0.010
28.28364 0.018
28.33850 0.013
28.34617 0.004
28.35227 0.006
28.37065 0.006
28.37959 0.012
28.41947 0.021
28.43080 0.025
28.45142 0.078
28.48441 0.021
28.49187 0.002
28.53502 0.004
28.66561 0.011
28.73547 0.014
28.74175 0.003
28.76474 0.009
28.81445 0.005
28.82651 0.053
28.85036 0.003
28.88582 0.013
28.89793 0.003
28.94954 0.004
28.97375 0.004
29.03234 0.004
29.03455 0.007
29.04294 0.004
29.09739 0.014
29.12831 0.004
29.13674 0.007
29.18655 0.003
29.20794 0.001
29.27119 0.022
29.36198 0.001
29.38539 0.010
29.41376 0.003
29.43584 0.028
29.45057 0.002
29.46892 0.038
29.49825 0.003
29.59180 0.020
29.63056 0.012
29.64456 0.003
29.66525 0.020
29.67373 0.013
29.68324 0.006
29.71185 0.007
29.72713 0.004
29.73223 0.011
29.76144 0.002
29.77793 0.012
29.83631 0.003
29.91172 0.013
29.93247 0.050
29.94636 0.001
29.99341 0.006
29.99630 0.009
30.06569 0.013
30.10101 0.002
30.10224 0.004
30.13954 0.019
30.14446 0.012
30.17880 0.005
30.21336 0.004
30.22111 0.010
30.23641 0.010
30.35777 0.056
30.36036 0.007
30.48463 0.002
30.52242 0.008
30.55869 0.011
30.59065 0.002
30.66593 0.003
30.69319 0.010
30.70315 0.007
30.71408 0.001
30.71529 0.001
30.75825 0.004
30.76996 0.001
30.80344 0.003
30.91900 0.007
30.91948 0.009
30.92860 0.002
30.93682 0.001
30.99008 0.005
30.99012 0.003
31.00400 0.082
31.02433 0.002
31.03931 0.009
31.16062 0.009
31.19836 0.006
31.34312 0.011
31.37587 0.010
31.38563 0.010
31.45360 0.005
31.47696 0.007
31.48441 0.001
31.59877 0.008
31.63326 0.005
31.63344 0.006
31.66581 0.017
31.71535 0.003
31.72494 0.015
31.82499 0.009
31.86424 0.005
31.90459 0.004
31.92737 0.013
31.93586 0.001
31.96449 0.021
31.96722 0.006
31.96844 0.007
31.97026 0.004
31.99809 0.003
32.00212 0.002
32.03841 0.002
32.06340 0.007
32.06377 0.001
32.16127 0.008
32.19492 0.028
32.20951 0.004
32.21956 0.003
32.25053 0.002
32.25728 0.006
32.25868 0.002
32.26128 0.001
32.26914 0.010
32.30917 0.006
32.31245 0.020
32.31978 0.002
32.35111 0.011
32.36151 0.009
32.41975 0.028
32.44489 0.001
32.48515 0.004
32.54971 0.003
32.56201 0.016
32.56766 0.001
32.57373 0.025
32.59993 0.003
32.62196 0.006
32.68372 0.001
32.69576 0.002
32.73174 0.007
32.77029 0.011
32.81432 0.006
32.81862 0.004
32.83200 0.006
32.84140 0.010
32.85987 0.004
32.89033 0.014
32.96063 0.006
32.96194 0.001
32.96368 0.002
32.98868 0.012
32.99137 0.004
33.00811 0.028
33.02204 0.004
33.04273 0.006
33.04380 0.012
33.06782 0.002
33.07785 0.002
33.08111 0.001
33.09286 0.009
33.14844 0.019
33.14900 0.011
33.16503 0.004
33.17366 0.010
33.17734 0.002
33.20543 0.003
33.20886 0.014
33.21319 0.003
33.21487 0.007
33.21663 0.008
33.22028 0.002
33.25638 0.003
33.30755 0.003
33.33549 0.002
33.38710 0.012
33.40357 0.006
33.46744 0.035
33.48088 0.003
33.48396 0.005
33.50651 0.001
33.53935 0.006
33.54048 0.007
33.56686 0.008
33.59626 0.008
33.60179 0.003
33.60894 0.004
33.63195 0.006
33.64335 0.002
33.65608 0.055
33.67432 0.014
33.68115 0.007
33.70427 0.012
33.70478 0.005
33.71328 0.009
33.72526 0.006
33.72867 0.038
33.78811 0.004
33.82450 0.001
33.85534 0.007
33.86430 0.008
33.93191 0.008
33.97327 0.004
33.97354 0.010
33.97648 0.001
33.99549 0.004
34.01583 0.023
34.01937 0.025
34.02661 0.001
34.03516 0.003
34.07359 0.006
34.09558 0.001
34.14960 0.001
34.15987 0.004
34.18370 0.006
34.19907 0.016
34.23848 0.005
34.25438 0.009
34.25602 0.017
34.27562 0.011
34.29267 0.006
34.30914 0.004
34.32824 0.006
34.34175 0.002
34.36809 0.011
34.38845 0.003
34.39708 0.001
34.41449 0.004
34.41596 0.003
34.45789 0.001
34.45962 0.025
34.49342 0.005
34.49547 0.004
34.50395 0.006
34.55979 0.007
34.56995 0.016
34.57131 0.006
34.57928 0.023
34.58370 0.005
34.64448 0.010
34.65564 0.003
34.66209 0.002
34.66543 0.002
34.67468 0.005
34.70770 0.003
34.73524 0.009
34.74576 0.002
34.75162 0.002
34.76864 0.002
34.79046 0.006
34.84668 0.013
34.85636 0.028
34.87397 0.001
34.89624 0.013
34.90559 0.014
34.91765 0.007
34.92561 0.003
34.95085 0.009
34.96525 0.002
34.96794 0.004
34.99388 0.003
35.01882 0.001
35.03842 0.005
35.04731 0.015
35.07014 0.003
35.07477 0.006
35.11655 0.002
35.13309 0.007
35.15645 0.003
35.16473 0.001
35.16721 0.005
35.19716 0.017
35.19930 0.008
35.26040 0.005
35.26119 0.012
35.26442 0.004
35.28133 0.003
35.29384 0.014
35.34300 0.002
35.34622 0.001
35.38557 0.005
35.39720 0.008
35.40307 0.002
35.40939 0.004
35.42891 0.009
35.46839 0.011
35.53106 0.002
35.56405 0.004
35.57611 0.001
35.58806 0.008
35.60235 0.002
35.62491 0.004
35.63488 0.011
35.65617 0.007
35.66457 0.001
35.66970 0.002
35.68052 0.023
35.69994 0.002
35.70064 0.001
35.70908 0.009
35.71154 0.003
35.71185 0.010
35.76397 0.005
35.81079 0.001
35.81512 0.002
35.82007 0.009
35.85107 0.002
35.85650 0.007
35.85748 0.039
35.87441 0.008
35.88849 0.017
35.91163 0.012
35.94426 0.010
35.96720 0.007
35.97051 0.001
36.00697 0.005
36.05825 0.004
36.06786 0.001
36.09184 0.001
36.10135 0.004
36.15808 0.004
36.17157 0.004
36.18421 0.005
36.23029 0.002
36.24680 0.002
36.30377 0.009
36.32477 0.010
36.32853 0.011
36.33982 0.003
36.34854 0.003
36.35125 0.008
36.36487 0.003
36.37803 0.003
36.38376 0.003
36.39108 0.013
36.39312 0.053
36.40031 0.001
36.40720 0.002
36.41028 0.001
36.45811 0.004
36.48861 0.006
36.49139 0.001
36.51569 0.005
36.53975 0.004
36.55466 0.019
36.56257 0.001
36.57958 0.003
36.59805 0.007
36.61695 0.004
36.69946 0.020
36.71782 0.021
36.71885 0.003
36.76409 0.002
36.76620 0.011
36.77183 0.006
36.78308 0.020
36.79346 0.011
36.81173 0.003
36.81474 0.001
36.83533 0.006
36.84429 0.003
36.84656 0.002
36.86675 0.003
36.89703 0.002
36.89871 0.008
36.90263 0.004
36.93613 0.002
36.93994 0.010
36.95769 0.008
36.98485 0.009
37.00124 0.033
37.05933 0.007
37.07809 0.028
37.08326 0.003
37.08381 0.023
37.10423 0.005
37.13117 0.001
37.15304 0.010
37.16463 0.008
37.27294 0.002
37.27604 0.002
37.29282 0.003
37.30287 0.011
37.33345 0.006
37.35158 0.003
37.37818 0.011
37.38629 0.008
37.41428 0.005
37.45037 0.002
37.52087 0.001
37.52503 0.016
37.53484 0.003
37.54423 0.001
37.55760 0.001
37.55878 0.009
37.57992 0.011
37.59073 0.002
37.60161 0.013
37.60893 0.019
37.61467 0.004
37.67031 0.007
37.67851 0.002
37.68921 0.002
37.69129 0.003
37.69242 0.001
37.71540 0.001
37.74451 0.017
37.75268 0.002
37.78101 0.009
37.78517 0.002
37.82629 0.004
37.86523 0.014
37.86565 0.008
37.87822 0.002
37.89327 0.002
37.90234 0.003
37.91875 0.003
37.92950 0.007
37.95966 0.010
38.02440 0.002
38.02902 0.010
38.04269 0.003
38.05039 0.003
38.05955 0.005
38.06335 0.002
38.07844 0.005
38.07878 0.001
38.14864 0.004
38.17055 0.001
38.18070 0.011
38.19380 0.005
38.20249 0.011
38.21058 0.006
38.21605 0.002
38.24581 0.012
38.25132 0.003
38.25385 0.004
38.29279 0.004
38.30056 0.001
38.31101 0.012
38.32396 0.002
38.32817 0.002
38.35366 0.001
38.38085 0.011
38.41988 0.008
38.42466 0.004
38.47473 0.008
38.47952 0.001
38.48835 0.012
38.49387 0.001
38.50546 0.005
38.50765 0.011
38.51049 0.004
38.51775 0.003
38.57251 0.014
38.58457 0.019
38.59629 0.002
38.61387 0.008
38.67664 0.031
38.69674 0.003
38.70764 0.009
38.72565 0.009
38.72911 0.001
38.76575 0.006
38.78722 0.004
38.83886 0.005
38.86680 0.002
38.87375 0.001
38.89942 0.002
38.91003 0.010
38.93393 0.001
38.94592 0.002
38.94633 0.005
38.95938 0.004
38.97425 0.004
38.97427 0.002
38.97680 0.004
38.98198 0.004
39.01146 0.006
39.01301 0.006
39.01833 0.002
39.06735 0.003
39.08046 0.008
39.08489 0.002
39.11788 0.002
39.12476 0.003
39.16100 0.005
39.18986 0.002
39.20504 0.018
39.23029 0.002
39.23792 0.004
39.24290 0.002
39.24532 0.004
39.25368 0.005
39.29501 0.004
39.32662 0.001
39.33894 0.002
39.33980 0.002
39.34210 0.005
39.34483 0.010
39.34924 0.002
39.35046 0.003
39.35491 0.002
39.36066 0.007
39.37770 0.007
39.38110 0.005
39.41671 0.006
39.43244 0.002
39.51907 0.008
39.57812 0.004
39.58225 0.004
39.58865 0.004
39.60638 0.003
39.61071 0.007
39.62324 0.009
39.64450 0.005
39.65211 0.015
39.67924 0.001
39.69585 0.002
39.70541 0.007
39.70802 0.002
39.71477 0.006
39.71520 0.001
39.72093 0.001
39.72451 0.015
39.75048 0.004
39.75617 0.003
39.81109 0.003
39.85337 0.009
39.87447 0.001
39.87959 0.007
39.88029 0.004
39.89323 0.003
39.92244 0.009
39.94829 0.020
39.95228 0.005
39.96332 0.008
39.97099 0.002
40.04323 0.001
40.04663 0.002
40.06997 0.003
40.11197 0.008
40.11418 0.005
40.13975 0.007
40.14838 0.002
40.19573 0.002
40.25796 0.006
40.29879 0.010
40.30428 0.002
40.32923 0.006
40.36772 0.007
40.37478 0.007
40.40762 0.011
40.42147 0.019
40.45695 0.007
40.47113 0.002
40.48403 0.003
40.51711 0.005
40.54069 0.002
40.54162 0.005
40.54387 0.009
40.54816 0.016
40.57202 0.004
40.59616 0.001
40.60743 0.004
40.62477 0.004
40.64587 0.002
40.68741 0.003
40.69162 0.002
40.70213 0.010
40.70697 0.005
40.71666 0.002
40.71927 0.003
40.72397 0.007
40.74692 0.008
40.77218 0.002
40.81122 0.002
40.82082 0.002
40.85627 0.002
40.87732 0.004
40.87789 0.003
40.89064 0.003
40.91377 0.005
40.91999 0.004
40.92366 0.006
40.94647 0.009
40.96540 0.006
41.02469 0.001
41.02549 0.005
41.06366 0.002
41.08593 0.004
41.10358 0.002
41.13992 0.004
41.15059 0.008
41.15849 0.015
41.18124 0.011
41.20377 0.010
41.20507 0.008
41.20626 0.009
41.25921 0.003
41.26126 0.001
41.26322 0.004
41.28254 0.003
41.37667 0.004
41.37962 0.001
41.38861 0.012
41.41589 0.008
41.44257 0.009
41.45785 0.003
41.46118 0.005
41.47138 0.005
41.49037 0.007
41.50732 0.002
41.50878 0.006
41.52469 0.017
41.53148 0.004
41.56049 0.007
41.56458 0.002
41.59121 0.002
41.59533 0.001
41.60558 0.008
41.60853 0.002
41.62410 0.001
41.62601 0.020
41.65602 0.004
41.67896 0.007
41.69927 0.008
41.70420 0.001
41.72019 0.007
41.73089 0.006
41.74811 0.002
41.77517 0.002
41.85202 0.001
41.85780 0.002
41.86476 0.002
41.87058 0.001
41.87655 0.002
41.88937 0.003
41.89091 0.009
41.90062 0.022
41.96625 0.002
41.96775 0.002
41.97729 0.002
42.00056 0.007
42.02434 0.011
42.04734 0.006
42.07033 0.001
42.08506 0.009
42.10582 0.004
42.15080 0.006
42.20972 0.008
42.23135 0.004
42.24205 0.003
42.25343 0.006
42.25666 0.004
42.25853 0.014
42.27394 0.004
42.28332 0.012
42.31315 0.005
42.31632 0.020
42.32529 0.002
42.32688 0.002
42.36900 0.003
42.40128 0.007
42.41340 0.004
42.43304 0.034
42.46179 0.001
42.48293 0.002
42.48340 0.002
42.48665 0.002
42.49425 0.017
42.51456 0.003
42.52359 0.003
42.52416 0.007
42.53011 0.006
42.53523 0.007
42.55912 0.002
42.56796 0.002
42.64211 0.003
42.65290 0.009
42.66234 0.002
42.66618 0.007
42.66670 0.012
42.66710 0.005
42.67684 0.015
42.74272 0.010
42.74697 0.019
42.74794 0.001
42.77340 0.008
42.77586 0.003
42.78560 0.003
42.79098 0.002
42.81638 0.002
42.86665 0.010
42.91709 0.003
42.95276 0.004
42.99177 0.002
43.04732 0.012
43.05030 0.006
43.10318 0.002
43.11724 0.002
43.12100 0.010
43.12742 0.002
43.14755 0.005
43.15011 0.003
43.16723 0.002
43.18056 0.001
43.20284 0.006
43.20523 0.005
43.21244 0.002
43.21997 0.005
43.22080 0.016
43.22420 0.002
43.24756 0.008
43.27875 0.004
43.28957 0.005
43.28970 0.008
43.30973 0.005
43.31942 0.001
43.35329 0.011
43.38504 0.013
43.39450 0.020
43.41558 0.003
43.47629 0.002
43.47976 0.001
43.48526 0.016
43.50435 0.008
43.51719 0.001
43.52467 0.006
43.52691 0.010
43.53925 0.022
43.56025 0.003
43.56066 0.002
43.61931 0.005
43.65062 0.002
43.65235 0.009
43.68037 0.012
43.68833 0.001
43.70189 0.008
43.72023 0.002
43.77192 0.003
43.77801 0.002
43.79807 0.001
43.80830 0.001
43.82844 0.003
43.83097 0.003
43.87852 0.001
43.87917 0.007
43.87926 0.002
43.88089 0.033
43.88099 0.003
43.90434 0.010
43.91957 0.015
43.93236 0.003
43.94410 0.002
43.94950 0.010
43.96925 0.013
43.98554 0.002
44.03219 0.014
44.04097 0.016
44.04362 0.003
44.04549 0.003
44.05143 0.004
44.08703 0.001
44.09962 0.003
44.10408 0.005
44.13931 0.003
44.15392 0.002
44.16882 0.004
44.18025 0.005
44.19315 0.005
44.21865 0.002
44.21935 0.009
44.26372 0.004
44.26487 0.002
44.27506 0.018
44.28092 0.005
44.30758 0.002
44.31117 0.007
44.31274 0.001
44.32890 0.005
44.32904 0.004
44.32921 0.005
44.34752 0.007
44.36145 0.009
44.37591 0.002
44.37600 0.002
44.41215 0.003
44.41442 0.005
44.43650 0.004
44.45220 0.014
44.49206 0.003
44.49393 0.005
44.55565 0.003
44.56167 0.004
44.57418 0.003
44.57919 0.003
44.58312 0.004
44.58712 0.005
44.58838 0.010
44.60073 0.010
44.61681 0.010
44.63096 0.006
44.68645 0.001
44.69937 0.005
44.74966 0.002
44.75873 0.006
44.77221 0.009
44.77365 0.004
44.77768 0.003
44.78246 0.009
44.79911 0.003
44.80447 0.004
44.80843 0.007
44.83242 0.010
44.83506 0.007
44.85560 0.001
44.91864 0.002
44.93167 0.002
44.94346 0.015
45.02188 0.004
45.02246 0.020
45.02888 0.001
45.07254 0.006
45.08119 0.004
45.10055 0.006
45.11019 0.002
45.14177 0.003
45.14819 0.002
45.14820 0.002
45.16420 0.006
45.19039 0.005
45.19646 0.002
45.20545 0.007
45.23434 0.006
45.26960 0.001
45.28440 0.001
45.29438 0.002
45.35244 0.011
45.36490 0.005
45.38096 0.003
45.40146 0.011
45.42683 0.001
45.43367 0.003
45.43911 0.003
45.46918 0.007
45.47632 0.006
45.48471 0.003
45.48934 0.004
45.49565 0.001
45.53136 0.001
45.53230 0.002
45.55537 0.002
45.59825 0.006
45.62951 0.003
45.64763 0.005
45.66158 0.003
45.68283 0.003
45.69908 0.001
45.70831 0.003
45.74338 0.003
45.74970 0.006
45.75105 0.003
45.78822 0.002
45.82058 0.007
45.84674 0.003
45.87050 0.003
45.88861 0.003
45.89113 0.012
45.90663 0.003
45.97648 0.007
46.00843 0.004
46.02007 0.003
46.03103 0.008
46.05084 0.002
46.05975 0.004
46.09489 0.005
46.14811 0.006
46.20320 0.002
46.20645 0.002
46.22181 0.002
46.23403 0.003
46.23497 0.003
46.23571 0.003
46.26253 0.005
46.26613 0.004
46.27482 0.003
46.28048 0.006
46.28622 0.004
46.28829 0.009
46.32366 0.004
46.37193 0.002
46.38668 0.002
46.43006 0.004
46.43063 0.007
46.44780 0.009
46.48469 0.003
46.50446 0.001
46.50803 0.001
46.52917 0.003
46.53944 0.013
46.55689 0.002
46.55766 0.004
46.56787 0.003
46.57102 0.002
46.60698 0.004
46.61059 0.002
46.61557 0.001
46.62252 0.002
46.64828 0.005
46.67555 0.004
46.67557 0.009
46.67732 0.006
46.68728 0.001
46.68971 0.006
46.69665 0.001
46.70422 0.001
46.71124 0.003
46.72135 0.002
46.76360 0.023
46.77068 0.005
46.81709 0.001
46.87415 0.004
46.89785 0.004
46.89880 0.003
46.91459 0.001
46.93333 0.002
46.93743 0.006
46.94992 0.001
46.96211 0.007
47.01038 0.006
47.01177 0.004
47.02184 0.002
47.02277 0.001
47.02319 0.004
47.02679 0.006
47.05771 0.008
47.08302 0.003
47.09539 0.006
47.10794 0.003
47.11026 0.009
47.11101 0.004
47.11135 0.006
47.17845 0.004
47.19666 0.003
47.20533 0.018
47.20822 0.004
47.20963 0.002
47.21942 0.003
47.26542 0.002
47.29636 0.004
47.30823 0.003
47.33839 0.011
47.37422 0.002
47.40122 0.005
47.42515 0.006
47.45072 0.001
47.49823 0.001
47.50505 0.001
47.51113 0.002
47.53258 0.004
47.56177 0.004
47.56303 0.001
47.56444 0.006
47.56883 0.003
47.57212 0.002
47.57495 0.003
47.59209 0.002
47.61940 0.007
47.62807 0.001
47.67150 0.004
47.68045 0.004
47.70764 0.008
47.72224 0.001
47.74128 0.003
47.74444 0.006
47.74979 0.004
47.83493 0.005
47.85000 0.008
47.85244 0.003
47.85509 0.002
47.86225 0.006
47.88742 0.002
47.89567 0.001
47.94704 0.003
47.96553 0.002
47.98337 0.001
48.00131 0.002
48.01224 0.003
48.10570 0.021
48.11831 0.009
48.13507 0.003
48.13685 0.002
48.13813 0.007
48.15908 0.001
48.16361 0.003
48.27430 0.008
48.29173 0.003
48.32977 0.004
48.33437 0.002
48.33898 0.002
48.36566 0.005
48.39983 0.004
48.40601 0.003
48.41970 0.002
48.42772 0.004
48.43137 0.006
48.44835 0.008
48.45827 0.006
48.52402 0.004
48.52777 0.003
48.52819 0.007
48.53000 0.002
48.53054 0.001
48.57270 0.001
48.57331 0.007
48.58587 0.003
48.66636 0.005
48.66724 0.004
48.68118 0.002
48.68382 0.004
48.69153 0.001
48.72214 0.001
48.73688 0.003
48.75524 0.002
48.75942 0.005
48.79265 0.007
48.80355 0.007
48.84836 0.001
48.87708 0.003
48.87709 0.001
48.90065 0.002
48.96296 0.002
48.98064 0.003
48.98176 0.002
49.00304 0.003
49.03797 0.003
49.06636 0.003
49.15281 0.004
49.16910 0.002
49.21424 0.002
49.22183 0.003
49.25016 0.003
49.25822 0.001
49.26470 0.002
49.28797 0.002
49.28993 0.003
49.29188 0.002
49.31795 0.004
49.34396 0.001
49.34986 0.002
49.35395 0.004
49.35693 0.001
49.37378 0.010
49.37436 0.005
49.39802 0.002
49.40407 0.001
49.40587 0.001
49.42322 0.003
49.42455 0.002
49.43162 0.002
49.44342 0.002
49.48336 0.002
49.48998 0.002
49.49308 0.002
49.50305 0.004
49.55555 0.002
49.55840 0.007
49.56205 0.002
49.56541 0.002
49.57409 0.006
49.58154 0.007
49.59157 0.003
49.67409 0.002
49.69207 0.007
49.70683 0.005
49.72951 0.001
49.73118 0.003
49.74995 0.002
49.77816 0.001
49.80593 0.002
49.80656 0.005
49.84309 0.005
49.84344 0.002
49.84577 0.001
49.86293 0.007
49.88852 0.002
49.91549 0.001
49.91551 0.002
49.92982 0.001
49.94061 0.005
49.97659 0.002
49.98870 0.003
50.00409 0.002
50.01974 0.002
50.02926 0.002
50.03329 0.002
50.04157 0.002
50.04776 0.001
50.04834 0.003
50.07165 0.001
50.08188 0.005
50.09185 0.002
50.11668 0.005
50.12576 0.001
50.12757 0.002
50.13346 0.005
50.14150 0.005
50.17671 0.002
50.17846 0.005
50.19888 0.002
50.22430 0.003
50.22956 0.006
50.23513 0.002
50.25201 0.002
50.25229 0.001
50.26744 0.002
50.28482 0.003
50.29235 0.001
50.31600 0.005
50.33876 0.001
50.36348 0.002
50.36662 0.003
50.36973 0.002
50.37806 0.003
50.44829 0.001
50.46163 0.004
50.46543 0.002
50.46849 0.005
50.46879 0.001
50.47189 0.002
50.51582 0.002
50.53528 0.003
50.56573 0.009
50.57551 0.008
50.58479 0.002
50.58840 0.001
50.61828 0.002
50.63922 0.002
50.64055 0.002
50.66781 0.003
50.67277 0.002
50.67327 0.001
50.68952 0.002
50.72193 0.002
50.77260 0.004
50.79821 0.002
50.80995 0.002
50.81951 0.001
50.82131 0.001
50.84693 0.004
50.87942 0.002
50.88429 0.005
50.88451 0.002
50.89929 0.003
50.93215 0.005
50.94912 0.002
50.98968 0.003
51.00509 0.004
51.02991 0.002
51.03041 0.001
51.05245 0.001
51.06386 0.005
51.10298 0.001
51.12600 0.009
51.13030 0.003
51.15057 0.002
51.23533 0.002
51.24695 0.003
51.25483 0.003
51.25784 0.003
51.28004 0.002
51.33631 0.002
51.34102 0.003
51.34243 0.003
51.35211 0.002
51.37130 0.002
51.43196 0.004
51.45606 0.002
51.45647 0.003
51.49610 0.001
51.49758 0.001
51.50678 0.001
51.50864 0.001
51.52830 0.002
51.53527 0.003
51.53724 0.004
51.54084 0.001
51.54773 0.001
51.63339 0.004
51.65162 0.006
51.65467 0.004
51.66891 0.001
51.68049 0.002
51.70423 0.003
51.72265 0.003
51.74098 0.001
51.75763 0.001
51.81665 0.002
51.82072 0.005
51.84922 0.006
51.85516 0.003
51.89809 0.002
51.91003 0.001
51.91629 0.001
51.94540 0.001
51.96287 0.002
51.97136 0.003
51.98110 0.005
51.99028 0.001
51.99315 0.001
51.99861 0.002
52.00445 0.002
52.02096 0.005
52.02387 0.003
52.03190 0.001
52.03996 0.005
52.04804 0.002
52.08380 0.001
52.08746 0.002
52.09915 0.005
52.13492 0.001
52.13674 0.001
52.14423 0.003
52.15423 0.001
52.15699 0.002
52.17697 0.003
52.18291 0.003
52.20223 0.003
52.22658 0.002
52.23742 0.005
52.24253 0.002
52.27856 0.002
52.27999 0.004
52.28451 0.001
52.28931 0.001
52.29556 0.002
52.35505 0.001
52.35567 0.003
52.37006 0.002
52.39983 0.004
52.40847 0.003
52.48158 0.002
52.49055 0.001
52.49654 0.002
52.51881 0.004
52.56045 0.001
52.59067 0.001
52.59552 0.002
52.59625 0.002
52.60365 0.004
52.61174 0.002
52.61844 0.002
52.61995 0.003
52.64368 0.001
52.65274 0.001
52.67450 0.001
52.68344 0.002
52.69376 0.003
52.72883 0.005
52.73718 0.002
52.75592 0.003
52.76097 0.003
52.78072 0.001
52.84727 0.001
52.86684 0.001
52.86967 0.002
52.87044 0.005
52.88377 0.004
52.88408 0.005
52.93457 0.006
52.99831 0.005
52.99949 0.002
53.01454 0.001
53.02155 0.001
53.02178 0.001
53.03338 0.002
53.05967 0.001
53.06304 0.002
53.06329 0.002
53.07326 0.002
53.09874 0.001
53.10560 0.002
53.11071 0.003
53.12430 0.003
53.15151 0.002
53.16179 0.002
53.17330 0.001
53.21968 0.005
53.25379 0.005
53.27297 0.003
53.31584 0.003
53.32831 0.001
53.36301 0.002
53.36963 0.001
53.37092 0.005
53.37920 0.004
53.38272 0.001
53.38277 0.002
53.40839 0.001
53.43583 0.001
53.44590 0.003
53.45328 0.002
53.46182 0.001
53.47304 0.002
53.49036 0.003
53.50220 0.001
53.52485 0.001
53.53146 0.004
53.53992 0.002
53.60237 0.005
53.60395 0.003
53.70796 0.002
53.71996 0.003
53.72299 0.003
53.76443 0.002
53.77999 0.002
53.80684 0.002
53.80999 0.001
53.82502 0.004
53.85942 0.001
53.86763 0.004
53.88008 0.001
53.88359 0.002
53.89138 0.002
53.89756 0.006
53.89998 0.002
53.95483 0.002
54.00238 0.002
54.00739 0.004
54.04089 0.001
54.04594 0.001
54.05308 0.007
54.06005 0.003
54.07264 0.001
54.07722 0.003
54.09283 0.005
54.10074 0.003
54.10922 0.002
54.10996 0.002
54.12894 0.002
54.16648 0.002
54.18045 0.002
54.19627 0.001
54.19985 0.001
54.20612 0.002
54.21240 0.002
54.21267 0.002
54.21699 0.001
54.22353 0.005
54.22683 0.001
54.22689 0.003
54.23942 0.002
54.31527 0.001
54.31651 0.002
54.32756 0.002
54.34712 0.002
54.35233 0.002
54.43103 0.010
54.44129 0.003
54.46547 0.001
54.48782 0.003
54.52996 0.001
54.53040 0.003
54.53409 0.001
54.53502 0.009
54.54787 0.005
54.56156 0.002
54.56870 0.001
54.57165 0.002
54.59337 0.001
54.61621 0.006
54.62556 0.003
54.63128 0.002
54.64231 0.003
54.65802 0.002
54.66461 0.003
54.69278 0.001
54.74327 0.002
54.74688 0.003
54.77394 0.003
54.79593 0.002
54.80514 0.001
54.82829 0.002
54.83188 0.001
54.84305 0.004
54.93214 0.005
54.94495 0.001
54.95729 0.004
54.96510 0.003
54.97570 0.002
54.99408 0.001
55.05626 0.003
55.09154 0.002
55.10043 0.002
55.13830 0.003
55.16577 0.002
55.23028 0.003
55.30784 0.001
55.32954 0.001
55.33164 0.002
55.33710 0.001
55.34160 0.003
55.34349 0.002
55.35082 0.003
55.35457 0.002
55.35686 0.001
55.43345 0.002
55.43621 0.002
55.43733 0.001
55.44168 0.006
55.45979 0.001
55.46300 0.002
55.47833 0.001
55.49500 0.004
55.49716 0.002
55.50706 0.004
55.51241 0.002
55.54082 0.003
55.55456 0.001
55.55788 0.002
55.60206 0.004
55.63867 0.004
55.64663 0.002
55.65417 0.006
55.76008 0.001
55.77313 0.005
55.77687 0.002
55.78677 0.003
55.81842 0.001
55.82179 0.002
55.83003 0.003
55.84806 0.003
55.84979 0.003
55.85856 0.001
55.87890 0.004
55.88456 0.001
55.89458 0.001
55.92714 0.001
55.98038 0.003
55.98292 0.003
56.00619 0.002
56.03005 0.001
56.05939 0.004
56.06578 0.002
56.07114 0.001
56.10293 0.005
56.11684 0.002
56.13544 0.001
56.14463 0.001
56.14641 0.004
56.15346 0.001
56.18389 0.004
56.29285 0.006
56.31029 0.005
56.37076 0.001
56.41635 0.003
56.45210 0.002
56.49687 0.001
56.49731 0.001
56.50945 0.004
56.54665 0.002
56.56711 0.002
56.64201 0.004
56.64853 0.001
56.67233 0.002
56.68965 0.002
56.70363 0.001
56.72248 0.002
56.74269 0.001
56.74759 0.001
56.74884 0.001
56.75769 0.002
56.78441 0.002
56.80363 0.001
56.81885 0.001
56.83617 0.002
56.86025 0.001
56.90491 0.001
56.94716 0.002
56.97805 0.003
56.97921 0.001
57.00927 0.002
57.04765 0.003
57.05109 0.001
57.05557 0.001
57.06634 0.001
57.09592 0.002
57.09715 0.002
57.10721 0.002
57.11395 0.003
57.14717 0.003
57.15215 0.001
57.16308 0.002
57.17678 0.002
57.19748 0.002
57.20825 0.002
57.21386 0.001
57.21739 0.002
57.26701 0.001
57.26837 0.003
57.27370 0.001
57.29906 0.003
57.30981 0.002
57.31442 0.002
57.35324 0.001
57.35520 0.002
57.36998 0.002
57.38536 0.003
57.40813 0.005
57.41563 0.002
57.42006 0.002
57.46048 0.001
57.50549 0.002
57.53219 0.002
57.53455 0.002
57.57028 0.001
57.58239 0.001
57.67802 0.001
57.69425 0.003
57.69688 0.002
57.72824 0.004
57.95705 0.002
57.97088 0.001
57.98933 0.002
58.00533 0.002
58.01208 0.001
58.01214 0.001
58.06355 0.002
58.07418 0.001
58.08174 0.001
58.13041 0.002
58.15592 0.001
58.17510 0.003
58.18247 0.001
58.19350 0.003
58.20614 0.008
58.20936 0.002
58.22553 0.001
58.23006 0.001
58.25171 0.002
58.29032 0.001
58.29092 0.002
58.32849 0.001
58.35914 0.001
58.36107 0.001
58.36624 0.001
58.37816 0.002
58.39973 0.002
58.42249 0.001
58.44513 0.002
58.49732 0.001
58.51346 0.002
58.53566 0.002
58.59791 0.002
58.62518 0.001
58.62654 0.002
58.70134 0.001
58.70431 0.002
58.71566 0.004
58.72265 0.002
58.72291 0.002
58.75648 0.001
58.77922 0.002
58.78318 0.002
58.82939 0.002
58.82941 0.001
58.83191 0.001
58.83254 0.002
58.86891 0.002
58.87643 0.002
58.91898 0.002
58.91943 0.002
58.93264 0.003
58.93631 0.003
58.97526 0.001
59.01987 0.002
59.03997 0.001
59.05468 0.002
59.10990 0.002
59.17862 0.002
59.24955 0.002
59.26677 0.002
59.26690 0.001
59.30533 0.002
59.33494 0.002
59.39647 0.002
59.42223 0.001
59.43485 0.002
59.47074 0.003
59.50941 0.002
59.51542 0.002
59.52356 0.003
59.53284 0.001
59.55385 0.002
59.61127 0.002
59.68608 0.003
59.70766 0.001
59.71953 0.002
59.78650 0.003
59.78659 0.001
59.83065 0.001
59.83830 0.002
59.89440 0.002
59.92019 0.002
59.92471 0.001
59.95100 0.001
59.99367 0.001
