6.78551 100.000
6.78564 99.956
6.78597 99.977
11.76652 4.365
11.76711 4.364
11.76733 4.364
13.59496 7.031
13.59522 7.026
13.59589 7.028
18.01620 1.156
18.01635 1.155
18.01685 1.155
18.01724 1.155
18.01738 1.155
18.01763 1.156
20.45306 0.290
20.45345 0.290
20.45447 0.290
23.65946 0.050
23.66065 0.049
23.66110 0.049
24.64041 0.048
24.64070 0.048
24.64107 0.048
24.64162 0.048
24.64213 0.048
24.64239 0.048
24.73073 36.216
25.67321 3.862
25.67327 3.891
25.67329 3.936
25.67330 3.896
25.67335 3.878
25.67340 3.912
27.38613 0.012
27.38666 0.012
27.38804 0.012
27.46770 0.516
27.46779 0.554
27.46794 0.514
27.46806 0.556
27.46809 0.527
27.46811 0.548
28.32551 0.840
28.32564 0.839
28.32568 0.837
28.32573 0.843
28.32599 0.843
28.32608 0.836
29.89777 0.214
29.89792 0.214
29.89905 0.214
29.89960 0.214
29.89969 0.214
29.90009 0.214
30.76711 0.220
30.76722 0.232
30.76726 0.255
30.76732 0.243
30.76749 0.222
30.76766 0.252
30.76781 0.474
30.76782 0.229
30.76797 0.245
30.76801 0.219
30.76808 0.255
31.47079 0.044
31.47123 0.044
31.47148 0.044
31.47218 0.044
31.47306 0.044
31.47332 0.044
32.30196 0.062
32.30213 0.084
32.30227 0.068
32.30233 0.077
32.30291 0.064
32.30303 0.082
34.42311 0.031
34.42378 0.031
34.42554 0.031
34.48935 0.013
34.48950 0.021
34.49017 0.012
34.49036 0.022
34.49057 0.015
34.49061 0.017
35.19182 0.018
35.19200 0.018
35.19207 0.016
35.19218 0.020
35.19229 0.016
35.19250 0.020
35.19278 0.019
35.19280 0.017
35.19308 0.015
35.19324 0.021
35.19330 0.019
35.19339 0.017
35.81797 0.091
35.81981 0.091
35.82051 0.091
36.49812 0.222
36.49843 0.222
36.49946 0.222
36.50028 0.222
36.50057 0.222
36.50109 0.222
37.23034 0.002
37.23068 0.001
37.23177 0.002
38.47669 0.608
38.47728 0.607
38.47740 0.607
38.47825 0.607
38.47952 0.607
38.47979 0.608
39.17673 0.093
39.17687 0.085
39.17691 0.080
39.17702 0.088
39.17772 0.092
39.17794 0.082
39.17817 0.087
39.17833 0.082
39.17835 0.091
39.17837 0.086
39.17862 0.093
39.17869 0.081
40.43064 0.023
40.43086 0.019
40.43105 0.022
40.43116 0.020
40.43119 0.023
40.43142 0.019
40.43185 0.021
40.43188 0.021
40.43249 0.023
40.43267 0.019
40.43273 0.022
40.43285 0.020
41.59680 1.453
41.59762 1.454
41.59978 1.453
42.19727 0.096
42.19743 0.096
42.19923 0.096
42.19980 0.096
42.20013 0.096
42.20055 0.096
42.84711 0.012
42.84735 0.013
42.84775 0.012
42.84783 0.013
42.84918 0.012
42.84933 0.013
43.37892 0.048
43.37939 0.048
43.38031 0.048
43.38131 0.048
43.38200 0.048
43.38253 0.048
44.01439 0.043
44.01457 0.042
44.01591 0.043
44.01614 0.042
44.01659 0.043
44.01664 0.042
44.58894 0.110
44.58915 0.105
44.58923 0.104
44.58938 0.110
44.59006 0.109
44.59030 0.105
44.59087 0.214
44.59101 0.105
44.59123 0.109
44.59151 0.112
44.59160 0.103
45.66863 0.018
45.66935 0.018
45.66937 0.019
45.67037 0.018
45.67204 0.018
45.67232 0.018
46.27905 0.309
46.27928 0.300
46.27961 0.302
46.27965 0.307
46.27973 0.306
46.27990 0.300
46.28049 0.309
46.28053 0.298
46.28150 0.304
46.28170 0.304
46.28176 0.310
46.28190 0.298
48.41065 0.013
48.41321 0.013
48.41418 0.013
48.94557 0.305
48.94656 0.305
48.94915 0.305
48.99531 0.765
48.99556 0.761
48.99612 0.765
48.99620 0.763
48.99797 0.765
48.99815 0.762
49.52457 0.055
49.52472 0.050
49.52478 0.052
49.52490 0.056
49.52627 0.054
49.52653 0.052
49.52679 0.051
49.52703 0.055
49.52718 0.050
49.52721 0.056
49.52753 0.056
49.52760 0.050
50.57164 0.027
50.57187 0.027
50.57210 0.026
50.57225 0.028
50.57286 0.026
50.57313 0.028
50.57388 0.027
50.57389 0.026
50.57438 0.026
50.57460 0.028
50.57491 0.027
50.57502 0.026
50.71814 2.747
51.23469 0.324
51.23474 0.328
51.23477 0.666
51.23478 0.326
51.23483 0.332
52.25681 0.062
52.25692 0.071
52.25695 0.062
52.25706 0.065
52.25709 0.141
52.62041 0.011
52.62066 0.011
52.62106 0.011
52.62115 0.011
52.62127 0.011
52.62132 0.011
52.62208 0.011
52.62213 0.011
52.62351 0.011
52.62372 0.011
52.62379 0.011
52.62394 0.011
52.76262 0.073
52.76275 0.073
52.76278 0.073
52.76280 0.074
52.76292 0.074
52.76303 0.072
53.07682 0.018
53.07757 0.018
53.07773 0.018
53.07877 0.018
53.08087 0.018
53.08116 0.018
54.26013 0.026
54.26021 0.029
54.26031 0.035
54.26034 0.032
54.26036 0.026
54.26057 0.063
54.26061 0.061
54.26072 0.026
54.26076 0.032
54.26080 0.035
55.05915 0.004
55.05932 0.004
55.06187 0.004
55.06248 0.004
55.06308 0.004
55.06352 0.004
55.10512 0.008
55.10532 0.010
55.10742 0.007
55.10768 0.010
55.10842 0.008
55.10847 0.009
55.24306 0.007
55.24329 0.012
55.24330 0.008
55.24338 0.011
55.24370 0.007
55.24386 0.012
55.59343 0.179
55.59370 0.182
55.59442 0.180
55.59451 0.181
55.59674 0.179
55.59693 0.181
56.51580 0.082
56.51696 0.081
56.52002 0.081
56.69580 0.002
56.69600 0.005
56.69635 0.002
56.69660 0.005
56.69666 0.003
56.69672 0.003
57.17465 0.003
57.17485 0.002
57.17491 0.003
57.17497 0.002
57.17500 0.003
57.17525 0.003
57.17537 0.003
57.17540 0.002
57.17552 0.002
57.17570 0.003
57.17575 0.004
57.17583 0.002
59.40078 0.012
59.40105 0.012
59.40147 0.012
59.40170 0.012
59.40175 0.013
59.40182 0.013
59.40269 0.013
59.40275 0.012
59.40457 0.012
59.40479 0.013
59.40486 0.012
59.40503 0.012
59.99643 0.019
59.99654 0.016
59.99670 0.014
59.99676 0.017
59.99714 0.018
59.99746 0.031
59.99765 0.015
59.99768 0.018
59.99776 0.016
59.99785 0.019
59.99795 0.014
