2.97091 8.100
3.23236 96.541
3.25154 100.000
5.29052 1.452
5.32568 1.313
5.76488 1.738
5.94381 6.514
6.46730 6.149
6.50569 6.337
7.95262 0.050
7.99171 0.035
8.25371 2.688
8.31391 2.456
8.76828 1.074
8.78556 1.477
8.78959 1.138
8.92072 0.561
8.92375 0.791
9.07854 0.387
9.30811 0.189
9.43184 0.125
9.61577 0.793
9.64013 0.086
9.67509 0.250
9.70741 1.276
9.76511 0.876
9.90355 0.230
9.99055 0.066
10.31744 0.484
10.42356 0.012
10.59237 0.614
10.64160 0.155
10.66291 0.458
10.70760 0.144
10.78458 0.030
10.81533 0.147
10.82507 0.141
10.83303 0.354
11.04533 0.007
11.07032 0.015
11.20292 0.052
11.28192 0.049
11.34055 0.115
11.37354 0.737
11.38897 0.347
11.45571 0.838
11.54441 0.313
11.73773 0.026
11.73973 0.221
11.90207 0.002
11.90369 0.234
11.94405 0.002
12.04115 0.076
12.32072 0.070
12.46348 0.064
12.46362 0.071
12.48847 0.035
12.55767 0.017
12.60252 0.016
12.75003 0.168
12.79682 0.056
12.89869 0.003
12.95532 0.269
13.01278 0.003
13.01640 0.361
13.03247 0.286
13.19732 0.089
13.20319 0.026
13.27060 0.020
13.27309 0.032
13.28167 0.092
13.28205 0.017
13.50366 0.366
13.59220 0.011
13.60082 0.529
13.68662 0.008
13.69795 0.353
13.72780 0.008
13.91496 0.005
14.10622 0.055
14.23876 0.006
14.30745 0.015
14.37247 0.024
14.51050 0.070
14.53212 0.030
14.55638 0.052
14.60499 0.028
14.65956 0.062
14.67510 0.003
14.78523 0.050
14.78580 0.002
14.79509 0.009
14.80651 0.130
14.89477 0.119
14.90163 0.008
14.90638 0.025
14.98356 0.028
15.09215 0.019
15.14549 0.097
15.15449 0.062
15.29957 0.004
15.30090 0.096
15.47050 0.034
15.58936 0.063
15.66189 0.014
15.69879 0.018
15.88643 0.003
15.91707 0.024
15.94387 0.021
16.02262 0.019
16.02346 0.037
16.19287 0.002
16.21372 0.196
16.31051 0.217
16.33695 0.012
16.35603 0.013
16.55064 0.016
16.58286 0.050
16.60778 0.008
16.62794 0.028
16.66956 0.018
16.67200 0.033
16.71413 0.016
16.78612 0.030
16.79511 0.003
16.79581 0.033
16.90517 0.029
17.00379 0.021
17.13094 0.006
17.19905 0.001
17.20823 0.005
17.21375 0.040
17.21843 0.052
17.35360 0.016
17.38296 0.030
17.43880 0.007
17.50911 0.017
17.51039 0.012
17.52509 0.004
17.56076 0.015
17.58843 0.107
17.62273 0.275
17.62331 0.216
17.63143 0.048
17.66230 0.028
17.73441 0.037
17.75915 0.027
17.77600 0.109
17.82294 0.112
17.83008 0.017
17.85989 0.353
17.89609 0.038
17.89988 0.049
17.90219 0.005
17.95822 0.015
17.99079 0.548
18.00159 0.007
18.05434 0.007
18.21471 0.382
18.21639 0.087
18.23107 0.010
18.23556 0.029
18.31683 0.026
18.33154 0.033
18.38920 0.031
18.39572 0.079
18.39945 0.054
18.39956 0.013
18.50856 0.019
18.58656 0.145
18.62094 0.021
18.63050 0.038
18.67835 0.286
18.71225 0.027
18.77174 0.066
18.77587 0.005
18.77894 0.225
18.81802 0.014
18.83475 0.041
18.85654 0.012
18.92041 0.004
18.92834 0.669
18.95200 0.022
18.96471 0.007
19.04405 0.032
19.05476 0.027
19.06002 0.001
19.15799 0.055
19.15878 0.051
19.17692 0.033
19.20372 0.074
19.22776 0.604
19.30010 0.092
19.33809 0.024
19.34671 0.472
19.34935 0.061
19.42002 0.125
19.46661 0.027
19.46844 0.003
19.48538 0.020
19.57314 0.225
19.57865 0.032
19.59720 0.021
19.60205 0.051
19.63917 0.032
19.65863 0.027
19.66067 0.008
19.67802 0.017
19.69335 0.004
19.70162 0.031
19.71041 0.044
19.74556 0.001
19.79920 0.001
19.81549 0.030
19.82239 0.025
19.87561 0.140
19.88104 0.068
19.88206 0.038
19.89174 0.020
19.92198 0.612
19.96362 0.149
19.97980 0.001
20.00987 0.074
20.05806 0.039
20.09686 0.106
20.16858 0.054
20.19152 0.046
20.27996 0.003
20.28738 0.088
20.31873 0.014
20.33458 0.005
20.34058 0.025
20.35159 0.057
20.36015 0.372
20.40889 0.015
20.43580 0.027
20.45049 0.001
20.58585 0.024
20.60977 0.437
20.64267 0.016
20.64621 0.001
20.66143 0.033
20.68014 0.079
20.71973 0.303
20.73630 0.006
20.75007 0.035
20.90985 0.009
20.91747 0.070
20.92508 0.029
20.92550 0.017
20.93463 0.342
20.93806 0.023
20.96632 0.041
21.02371 0.009
21.10944 0.013
21.15056 0.025
21.16829 0.009
21.21885 0.022
21.25804 0.297
21.27657 0.016
21.27662 0.017
21.33011 0.002
21.33537 0.017
21.35107 0.022
21.37639 0.007
21.41958 0.029
21.42783 0.037
21.49706 0.002
21.51015 0.004
21.52446 0.014
21.54244 0.118
21.56889 0.016
21.56969 0.031
21.66129 0.008
21.66620 0.004
21.67187 0.008
21.67561 0.442
21.68062 0.017
21.68653 0.007
21.69033 0.026
21.70745 0.042
21.72853 0.038
21.74828 0.003
21.76441 0.008
21.76562 0.007
21.76648 0.045
21.78332 0.005
21.87874 0.004
21.93662 0.051
21.95869 0.001
21.99546 0.010
21.99977 0.004
22.00690 0.020
22.00974 0.044
22.07351 0.023
22.14823 0.005
22.15141 0.005
22.19498 0.411
22.24568 0.013
22.27943 0.077
22.29420 0.066
22.31279 0.005
22.32439 0.002
22.39185 0.343
22.44866 0.004
22.46962 0.006
22.49151 0.001
22.50201 0.018
22.51124 0.009
22.51306 0.006
22.52580 0.005
22.56804 0.016
22.57441 0.018
22.59011 0.005
22.60034 0.052
22.63241 0.005
22.65375 0.035
22.65838 0.013
22.67509 0.009
22.69489 0.035
22.72430 0.034
22.77316 0.020
22.79411 0.041
22.86109 0.013
22.88837 0.136
22.89243 0.023
22.90934 0.005
22.91001 0.032
22.91143 0.006
23.02796 0.014
23.06231 0.008
23.09534 0.067
23.10101 0.029
23.19788 0.002
23.20812 0.003
23.22818 0.009
23.25407 0.004
23.29517 0.232
23.32918 0.011
23.34949 0.015
23.38788 0.029
23.41761 0.011
23.42459 0.014
23.46217 0.015
23.48530 0.107
23.49562 0.006
23.54458 0.022
23.58839 0.004
23.59926 0.011
23.60092 0.006
23.60499 0.020
23.65982 0.038
23.70884 0.011
23.75223 0.007
23.76011 0.275
23.85049 0.006
23.87327 0.001
23.93502 0.013
23.93831 0.034
23.94888 0.003
23.98710 0.006
24.02285 0.002
24.07290 0.023
24.10925 0.003
24.12627 0.011
24.13371 0.003
24.13963 0.008
24.21789 0.058
24.24079 0.046
24.26101 0.005
24.27521 0.024
24.29699 0.004
24.34727 0.110
24.35738 0.004
24.37007 0.003
24.40955 0.060
24.46246 0.016
24.46883 0.002
24.49023 0.002
24.49201 0.039
24.50296 0.003
24.51797 0.039
24.51823 0.013
24.53064 0.016
24.54740 0.001
24.54831 0.010
24.55589 0.007
24.60110 0.005
24.68431 0.005
24.71362 0.005
24.71948 0.005
24.74855 0.008
24.78683 0.043
24.84641 0.010
24.85656 0.013
24.87540 0.007
24.87643 0.004
24.91682 0.002
24.93607 0.007
24.94631 0.032
24.96997 0.026
24.97007 0.013
25.00871 0.004
25.02795 0.006
25.05544 0.003
25.07754 0.022
25.07781 0.004
25.09839 0.007
25.12058 0.007
25.12844 0.096
25.13297 0.007
25.19536 0.012
25.21271 0.019
25.26560 0.037
25.26941 0.002
25.27427 0.001
25.29650 0.009
25.31951 0.007
25.33483 0.016
25.36079 0.005
25.47861 0.016
25.48524 0.036
25.55033 0.002
25.56311 0.006
25.60548 0.003
25.60660 0.044
25.64810 0.011
25.66141 0.009
25.69597 0.029
25.71503 0.036
25.71556 0.093
25.73267 0.012
25.74937 0.009
25.75682 0.006
25.85127 0.002
25.87056 0.002
25.91218 0.001
25.96455 0.004
26.08005 0.007
26.08832 0.002
26.10241 0.056
26.12407 0.007
26.14831 0.008
26.19017 0.001
26.19727 0.040
26.20466 0.006
26.21227 0.010
26.23744 0.007
26.27752 0.004
26.32456 0.016
26.34163 0.091
26.35212 0.002
26.36588 0.053
26.42029 0.066
26.43354 0.019
26.45083 0.007
26.46206 0.019
26.46560 0.141
26.47507 0.049
26.50920 0.024
26.51515 0.005
26.51950 0.004
26.53548 0.015
26.55732 0.010
26.55988 0.002
26.56827 0.040
26.57333 0.019
26.57388 0.003
26.58064 0.021
26.58585 0.005
26.60870 0.064
26.63142 0.006
26.67964 0.014
26.68372 0.008
26.68556 0.005
26.70660 0.066
26.72348 0.003
26.72857 0.007
26.72948 0.027
26.74572 0.032
26.74610 0.008
26.74687 0.023
26.77019 0.024
26.79674 0.003
26.84076 0.075
26.84186 0.002
26.86423 0.002
26.87463 0.014
26.88925 0.016
26.90672 0.023
26.91870 0.003
26.92303 0.007
26.93044 0.007
26.97454 0.042
26.99313 0.009
26.99397 0.005
26.99669 0.025
27.04940 0.004
27.07391 0.024
27.08888 0.012
27.10919 0.022
27.12289 0.014
27.16315 0.004
27.17115 0.004
27.17564 0.008
27.19953 0.004
27.21206 0.069
27.24997 0.108
27.25622 0.009
27.26681 0.018
27.27970 0.003
27.28227 0.005
27.35620 0.022
27.35750 0.003
27.36415 0.001
27.37943 0.003
27.38049 0.011
27.38274 0.014
27.39125 0.083
27.39249 0.008
27.39372 0.075
27.39811 0.018
27.40942 0.010
27.44161 0.026
27.45131 0.006
27.45846 0.003
27.45939 0.006
27.45976 0.007
27.46948 0.035
27.50512 0.003
27.50919 0.006
27.51276 0.078
27.54562 0.025
27.54603 0.021
27.54642 0.001
27.56827 0.001
27.57351 0.002
27.58064 0.010
27.59178 0.103
27.59600 0.005
27.59669 0.002
27.61410 0.002
27.63880 0.024
27.65772 0.003
27.68419 0.003
27.76623 0.036
27.76906 0.029
27.78265 0.009
27.80121 0.008
27.86807 0.020
27.87197 0.056
27.89209 0.004
27.91854 0.006
27.96229 0.142
27.97048 0.007
27.97875 0.017
27.98080 0.015
27.99748 0.023
28.00617 0.001
28.00940 0.003
28.01723 0.004
28.07659 0.011
28.09875 0.002
28.10066 0.006
28.13073 0.005
28.13171 0.009
28.13347 0.003
28.14236 0.002
28.14569 0.017
28.14984 0.003
28.17175 0.016
28.17269 0.043
28.17670 0.033
28.17872 0.002
28.19775 0.016
28.20816 0.017
28.23152 0.001
28.23188 0.020
28.23426 0.002
28.29428 0.006
28.34899 0.003
28.34909 0.018
28.36732 0.042
28.38577 0.025
28.41197 0.003
28.43207 0.002
28.46571 0.003
28.48031 0.025
28.49177 0.002
28.49490 0.009
28.49861 0.031
28.53672 0.023
28.54280 0.013
28.55131 0.003
28.55828 0.043
28.55889 0.028
28.59355 0.042
28.61003 0.002
28.61357 0.007
28.64368 0.002
28.64629 0.017
28.64762 0.002
28.65792 0.008
28.67096 0.008
28.70352 0.172
28.75765 0.006
28.75962 0.011
28.77019 0.006
28.79558 0.028
28.81461 0.021
28.83500 0.004
28.84423 0.059
28.90330 0.002
28.90844 0.004
28.91143 0.003
28.92579 0.034
28.95618 0.006
28.96990 0.001
28.97749 0.021
28.98045 0.004
29.00187 0.002
29.01935 0.003
29.09301 0.008
29.09926 0.003
29.11137 0.003
29.12022 0.003
29.12047 0.006
29.12125 0.012
29.12480 0.012
29.12486 0.105
29.20059 0.013
29.20132 0.007
29.21254 0.002
29.23192 0.014
29.26045 0.002
29.26259 0.002
29.30478 0.014
29.30609 0.007
29.30932 0.005
29.31246 0.003
29.31474 0.004
29.34040 0.012
29.35453 0.002
29.35657 0.001
29.38862 0.022
29.40726 0.008
29.40920 0.012
29.41745 0.002
29.45363 0.025
29.45423 0.003
29.46615 0.003
29.47040 0.005
29.48866 0.005
29.48964 0.009
29.51306 0.038
29.51541 0.008
29.54367 0.008
29.55879 0.003
29.56616 0.004
29.58755 0.002
29.59154 0.017
29.59805 0.005
29.61091 0.008
29.61410 0.002
29.65575 0.002
29.66351 0.004
29.70110 0.009
29.70780 0.005
29.73011 0.004
29.74028 0.004
29.75084 0.004
29.75191 0.024
29.78884 0.002
29.79519 0.006
29.80674 0.003
29.81589 0.001
29.82405 0.011
29.82521 0.033
29.82883 0.009
29.83103 0.011
29.84428 0.006
29.85075 0.014
29.85522 0.005
29.86772 0.002
29.87040 0.002
29.90233 0.056
29.91300 0.004
29.91763 0.023
29.93595 0.049
29.93699 0.010
29.94155 0.031
29.95360 0.009
29.96825 0.002
29.97333 0.007
29.97611 0.005
30.00260 0.003
30.01575 0.001
30.01786 0.005
30.04768 0.052
30.04891 0.002
30.04943 0.018
30.06300 0.026
30.06433 0.005
30.12476 0.008
30.14554 0.016
30.15459 0.006
30.20119 0.006
30.23127 0.039
30.23648 0.002
30.25591 0.002
30.29197 0.002
30.29522 0.003
30.30402 0.002
30.40964 0.004
30.44796 0.001
30.45436 0.009
30.47042 0.004
30.47139 0.008
30.48722 0.008
30.49063 0.002
30.51090 0.006
30.51180 0.002
30.52013 0.009
30.54566 0.004
30.55127 0.002
30.55616 0.015
30.56396 0.011
30.58006 0.003
30.58246 0.001
30.62041 0.002
30.64848 0.001
30.66519 0.002
30.69374 0.035
30.70207 0.002
30.73558 0.002
30.74498 0.002
30.75258 0.013
30.76541 0.002
30.77208 0.004
30.80212 0.002
30.80740 0.009
30.82080 0.001
30.82575 0.017
30.82655 0.005
30.88072 0.006
30.88347 0.006
30.88915 0.005
30.92072 0.011
30.92229 0.005
30.99252 0.007
31.02247 0.016
31.03851 0.023
31.04165 0.004
31.06361 0.005
31.08602 0.011
31.08685 0.011
31.08756 0.008
31.08781 0.014
31.09364 0.003
31.09779 0.010
31.11155 0.008
31.13053 0.007
31.20526 0.001
31.20608 0.001
31.22228 0.002
31.23235 0.004
31.24981 0.008
31.25690 0.003
31.25801 0.009
31.27322 0.013
31.29346 0.012
31.29821 0.003
31.31947 0.003
31.31997 0.004
31.32111 0.003
31.35046 0.009
31.37331 0.018
31.37836 0.002
31.44593 0.005
31.46784 0.005
31.47700 0.005
31.54506 0.003
31.55003 0.023
31.57646 0.008
31.58726 0.001
31.59426 0.007
31.61909 0.024
31.61950 0.002
31.62273 0.020
31.62634 0.003
31.62759 0.034
31.63500 0.002
31.63692 0.004
31.64660 0.005
31.67312 0.002
31.68185 0.001
31.69316 0.002
31.70232 0.003
31.70597 0.005
31.73013 0.002
31.74926 0.002
31.77754 0.006
31.78338 0.002
31.79866 0.002
31.80783 0.005
31.82108 0.006
31.83875 0.005
31.85870 0.011
31.89942 0.002
31.89980 0.001
31.96502 0.002
31.98493 0.002
31.99673 0.010
32.00580 0.004
32.06151 0.002
32.07345 0.008
32.08892 0.004
32.09323 0.013
32.10744 0.002
32.13324 0.002
32.15951 0.005
32.19820 0.004
32.19991 0.004
32.20733 0.001
32.21597 0.002
32.26229 0.004
32.27187 0.004
32.27565 0.002
32.28925 0.003
32.30516 0.010
32.31753 0.003
32.34946 0.016
32.35436 0.006
32.35439 0.001
32.36013 0.005
32.36970 0.001
32.37132 0.002
32.38739 0.004
32.39029 0.002
32.40322 0.005
32.40558 0.004
32.42037 0.002
32.45234 0.001
32.46992 0.002
32.48554 0.002
32.50169 0.003
32.51045 0.002
32.53796 0.013
32.56016 0.002
32.57642 0.001
32.58924 0.015
32.58984 0.003
32.62316 0.008
32.63222 0.003
32.64355 0.003
32.65794 0.001
32.67064 0.005
32.67305 0.001
32.67646 0.007
32.67953 0.003
32.72090 0.030
32.74357 0.001
32.75004 0.002
32.76394 0.009
32.77789 0.004
32.81217 0.001
32.81318 0.012
32.84305 0.019
32.87608 0.002
32.87951 0.002
32.89226 0.002
32.90086 0.005
32.91496 0.004
32.93451 0.001
32.95009 0.008
32.95165 0.006
32.96374 0.001
32.97085 0.010
32.98825 0.022
33.01285 0.010
33.01831 0.004
33.04981 0.009
33.05773 0.001
33.07192 0.006
33.09497 0.001
33.11561 0.005
33.12918 0.029
33.14830 0.004
33.16023 0.009
33.16397 0.001
33.23074 0.001
33.26571 0.006
33.26891 0.004
33.27634 0.013
33.32137 0.002
33.33776 0.003
33.41698 0.007
33.45975 0.002
33.46993 0.008
33.47942 0.004
33.49877 0.002
33.52325 0.003
33.52633 0.004
33.56249 0.002
33.56544 0.013
33.56643 0.004
33.57284 0.010
33.57785 0.004
33.58858 0.003
33.59098 0.002
33.59108 0.006
33.59179 0.008
33.60828 0.004
33.61179 0.001
33.64045 0.001
33.65665 0.005
33.66206 0.001
33.66346 0.002
33.67218 0.002
33.70495 0.004
33.70558 0.004
33.71733 0.009
33.72264 0.024
33.74813 0.004
33.76030 0.008
33.77018 0.003
33.79773 0.004
33.87548 0.001
33.90303 0.015
33.92007 0.002
33.96011 0.009
33.96669 0.007
33.97017 0.013
34.01728 0.002
34.02450 0.004
34.05520 0.004
34.13794 0.014
34.17347 0.004
34.18537 0.001
34.19298 0.004
34.20011 0.003
34.21009 0.004
34.24113 0.002
34.27316 0.002
34.27823 0.006
34.30105 0.004
34.31300 0.001
34.31625 0.003
34.32686 0.002
34.35834 0.008
34.36260 0.003
34.36935 0.006
34.37384 0.001
34.39715 0.002
34.42433 0.002
34.45142 0.004
34.46138 0.001
34.46326 0.005
34.46355 0.003
34.46900 0.002
34.47303 0.002
34.48374 0.002
34.48427 0.002
34.49296 0.004
34.50855 0.002
34.52974 0.006
34.54137 0.001
34.56107 0.004
34.57120 0.004
34.58740 0.002
34.59017 0.003
34.59402 0.003
34.61952 0.010
34.63565 0.002
34.64787 0.008
34.64924 0.007
34.65095 0.002
34.67583 0.001
34.72144 0.003
34.73327 0.002
34.74473 0.004
34.75277 0.003
34.75992 0.002
34.79331 0.001
34.79421 0.002
34.79431 0.003
34.79446 0.002
34.80163 0.003
34.80940 0.002
34.82140 0.006
34.83070 0.004
34.83208 0.005
34.84440 0.002
34.87342 0.002
34.92623 0.004
34.92760 0.004
34.94066 0.002
34.96466 0.006
34.99331 0.004
35.02950 0.008
35.09573 0.005
35.09636 0.003
35.10538 0.006
35.10775 0.004
35.11004 0.004
35.11432 0.004
35.23309 0.001
35.23517 0.004
35.25661 0.001
35.26184 0.003
35.29873 0.002
35.29906 0.005
35.31175 0.009
35.36423 0.002
35.40346 0.014
35.40380 0.002
35.40876 0.007
35.41855 0.001
35.43068 0.008
35.44461 0.013
35.46722 0.005
35.47777 0.005
35.49471 0.002
35.51128 0.002
35.52325 0.001
35.52447 0.003
35.54853 0.008
35.55181 0.001
35.58908 0.011
35.60924 0.008
35.63751 0.003
35.65439 0.002
35.66260 0.001
35.68045 0.006
35.68165 0.010
35.72316 0.012
35.72509 0.007
35.72766 0.001
35.73395 0.008
35.74976 0.002
35.75232 0.010
35.79810 0.005
35.80195 0.010
35.84834 0.001
35.88220 0.004
35.88243 0.005
35.89261 0.003
35.89551 0.003
35.90823 0.002
35.91240 0.003
35.91806 0.005
35.91957 0.001
35.92568 0.023
35.93554 0.001
35.94529 0.001
35.95589 0.014
35.96065 0.006
35.96378 0.004
36.00669 0.002
36.01612 0.002
36.02240 0.004
36.07318 0.009
36.08765 0.001
36.09081 0.007
36.11116 0.003
36.14781 0.004
36.14844 0.005
36.15246 0.003
36.15936 0.013
36.17312 0.003
36.17560 0.004
36.17977 0.002
36.18480 0.007
36.19047 0.004
36.19273 0.002
36.20133 0.016
36.24329 0.002
36.24837 0.004
36.25624 0.002
36.26105 0.003
36.27732 0.005
36.29043 0.008
36.32061 0.001
36.32822 0.011
36.34166 0.005
36.36963 0.001
36.37754 0.001
36.40497 0.001
36.41600 0.004
36.42272 0.002
36.42276 0.007
36.43415 0.002
36.43495 0.003
36.44059 0.004
36.44527 0.004
36.46774 0.003
36.49107 0.002
36.49496 0.007
36.49636 0.033
36.54790 0.009
36.56014 0.001
36.57745 0.002
36.60188 0.003
36.61281 0.007
36.63352 0.007
36.64891 0.003
36.65624 0.002
36.66437 0.006
36.67701 0.001
36.68019 0.008
36.68122 0.006
36.68362 0.002
36.68546 0.001
36.69094 0.006
36.71860 0.005
36.73019 0.008
36.73348 0.008
36.74958 0.004
36.75489 0.012
36.78088 0.001
36.80722 0.002
36.81347 0.004
36.83371 0.002
36.87256 0.002
36.88029 0.016
36.88745 0.002
36.89759 0.001
36.89904 0.008
36.91119 0.001
36.91469 0.010
36.93213 0.002
36.99988 0.001
37.00492 0.004
37.02712 0.009
37.02723 0.003
37.05809 0.001
37.06196 0.002
37.06272 0.002
37.07079 0.004
37.07872 0.004
37.08844 0.009
37.11118 0.001
37.12385 0.002
37.14877 0.003
37.17306 0.002
37.18492 0.002
37.20628 0.005
37.25208 0.001
37.27460 0.001
37.28120 0.006
37.28151 0.002
37.28794 0.008
37.28818 0.001
37.28879 0.001
37.29596 0.004
37.30611 0.006
37.32894 0.004
37.33342 0.003
37.35320 0.002
37.35803 0.002
37.35822 0.006
37.37125 0.005
37.37861 0.004
37.41768 0.004
37.42781 0.004
37.43220 0.002
37.44512 0.004
37.46014 0.002
37.50608 0.002
37.51273 0.002
37.54960 0.003
37.55778 0.003
37.56023 0.003
37.63532 0.001
37.63774 0.001
37.65543 0.003
37.65693 0.001
37.66046 0.006
37.67020 0.001
37.68601 0.002
37.69676 0.004
37.71306 0.009
37.72378 0.005
37.72621 0.001
37.73514 0.006
37.75771 0.004
37.77671 0.002
37.77766 0.005
37.83062 0.004
37.85102 0.002
37.85331 0.003
37.85596 0.003
37.85727 0.018
37.87185 0.005
37.87749 0.010
37.89036 0.004
37.89071 0.002
37.91070 0.002
37.91979 0.002
37.92349 0.004
37.93009 0.001
37.94480 0.003
37.94821 0.002
37.95168 0.001
37.95437 0.002
37.95479 0.002
37.95664 0.004
37.97353 0.002
37.98113 0.002
38.00996 0.004
38.01038 0.010
38.02788 0.016
38.03692 0.002
38.05859 0.006
38.07092 0.001
38.07238 0.004
38.07521 0.001
38.07881 0.007
38.07977 0.004
38.09416 0.003
38.12451 0.003
38.15260 0.001
38.15445 0.004
38.16357 0.002
38.16899 0.006
38.17081 0.002
38.17612 0.010
38.18389 0.003
38.23641 0.001
38.24943 0.001
38.27578 0.002
38.27656 0.005
38.28979 0.001
38.30717 0.002
38.30804 0.001
38.31271 0.002
38.33860 0.004
38.34849 0.008
38.37660 0.001
38.38235 0.009
38.39938 0.006
38.40270 0.002
38.40685 0.002
38.44614 0.004
38.44877 0.004
38.44882 0.005
38.45885 0.001
38.47072 0.002
38.47237 0.004
38.54684 0.005
38.56411 0.002
38.56659 0.003
38.57195 0.002
38.59806 0.002
38.59876 0.007
38.64116 0.004
38.65888 0.006
38.66355 0.003
38.67455 0.003
38.67659 0.003
38.69359 0.010
38.73528 0.002
38.76261 0.003
38.76554 0.002
38.78383 0.002
38.78789 0.004
38.78856 0.002
38.80097 0.004
38.80535 0.004
38.81900 0.005
38.82675 0.005
38.87345 0.005
38.88105 0.004
38.90312 0.002
38.90867 0.002
38.91116 0.013
38.91312 0.001
38.91488 0.002
38.91898 0.001
38.92388 0.008
38.93055 0.002
38.93082 0.002
38.95149 0.001
38.95900 0.005
38.95935 0.005
38.97431 0.003
38.98763 0.004
38.99033 0.001
39.00241 0.008
39.02533 0.021
39.02783 0.015
39.03561 0.004
39.03714 0.002
39.03760 0.002
39.04020 0.004
39.05267 0.001
39.06289 0.004
39.10322 0.011
39.14599 0.010
39.17668 0.007
39.20093 0.002
39.21519 0.001
39.22492 0.004
39.23952 0.007
39.25510 0.001
39.25621 0.005
39.26344 0.002
39.26451 0.001
39.26681 0.003
39.27425 0.009
39.27978 0.004
39.29948 0.002
39.30619 0.004
39.31708 0.006
39.33125 0.001
39.33483 0.001
39.35148 0.007
39.36702 0.003
39.37475 0.002
39.38745 0.004
39.41236 0.007
39.44683 0.009
39.46735 0.001
39.48291 0.009
39.49790 0.004
39.52531 0.002
39.52915 0.003
39.53172 0.002
39.53663 0.002
39.56463 0.001
39.58177 0.003
39.58331 0.001
39.59439 0.015
39.60518 0.002
39.62099 0.003
39.63668 0.012
39.65968 0.006
39.68010 0.004
39.71311 0.001
39.72664 0.001
39.74852 0.006
39.75306 0.009
39.76006 0.011
39.76080 0.018
39.79579 0.002
39.80678 0.001
39.80846 0.002
39.81304 0.009
39.83165 0.001
39.84358 0.001
39.87573 0.002
39.87945 0.002
39.88693 0.002
39.88981 0.003
39.89895 0.006
39.90255 0.004
39.95695 0.003
39.96526 0.022
39.96603 0.010
39.96836 0.002
40.00051 0.003
40.00640 0.002
40.03153 0.002
40.03630 0.003
40.06611 0.004
40.08059 0.003
40.08212 0.003
40.10065 0.002
40.11383 0.002
40.14019 0.007
40.15376 0.002
40.16521 0.002
40.17213 0.001
40.18931 0.017
40.21166 0.004
40.21196 0.002
40.22255 0.007
40.22377 0.001
40.23069 0.001
40.25252 0.002
40.26652 0.001
40.27121 0.002
40.31573 0.004
40.32775 0.004
40.33741 0.003
40.34650 0.001
40.35070 0.003
40.35707 0.030
40.35973 0.016
40.36876 0.004
40.37490 0.002
40.38290 0.003
40.38690 0.001
40.39429 0.003
40.39644 0.002
40.39897 0.003
40.40540 0.010
40.41624 0.004
40.41676 0.003
40.46332 0.010
40.47509 0.013
40.47659 0.023
40.48025 0.015
40.49352 0.014
40.50659 0.005
40.53309 0.009
40.56768 0.001
40.56786 0.002
40.57271 0.005
40.57362 0.005
40.59764 0.006
40.59997 0.010
40.60117 0.003
40.60165 0.002
40.60502 0.001
40.64160 0.001
40.64362 0.005
40.64782 0.004
40.65505 0.004
40.65676 0.001
40.66100 0.006
40.69341 0.002
40.70139 0.004
40.70667 0.002
40.71216 0.002
40.72111 0.004
40.72911 0.004
40.74482 0.002
40.75408 0.001
40.80754 0.002
40.80903 0.002
40.82897 0.023
40.83194 0.010
40.83219 0.001
40.83452 0.002
40.83836 0.001
40.84423 0.008
40.84702 0.007
40.84756 0.003
40.86228 0.005
40.87437 0.001
40.88234 0.011
40.88759 0.003
40.89917 0.007
40.90728 0.002
40.91224 0.001
40.97775 0.004
40.99314 0.001
40.99761 0.007
40.99831 0.009
41.00320 0.002
41.01196 0.010
41.01806 0.001
41.02507 0.001
41.02629 0.001
41.04141 0.003
41.04653 0.002
41.05013 0.004
41.05033 0.003
41.12058 0.006
41.15742 0.002
41.15876 0.002
41.17597 0.006
41.19506 0.005
41.19564 0.006
41.24814 0.002
41.26444 0.002
41.26860 0.002
41.27602 0.002
41.29942 0.008
41.30598 0.002
41.31420 0.007
41.31619 0.005
41.34556 0.001
41.36005 0.002
41.36419 0.002
41.36781 0.003
41.38323 0.001
41.40123 0.002
41.40212 0.005
41.41369 0.008
41.41810 0.026
41.42259 0.009
41.44343 0.002
41.44971 0.002
41.46340 0.003
41.50381 0.002
41.54096 0.001
41.54989 0.001
41.57091 0.004
41.57758 0.002
41.58800 0.001
41.58933 0.006
41.59140 0.006
41.59885 0.011
41.59897 0.004
41.59959 0.001
41.60394 0.002
41.61547 0.002
41.62205 0.003
41.65521 0.017
41.66748 0.003
41.69856 0.002
41.70307 0.001
41.72995 0.003
41.73127 0.002
41.74289 0.002
41.78838 0.004
41.85224 0.003
41.86753 0.006
41.86918 0.003
41.87648 0.011
41.88029 0.005
41.88900 0.003
41.90016 0.002
41.90676 0.014
41.90931 0.004
41.92689 0.004
41.92779 0.010
41.96312 0.003
41.96500 0.001
41.98032 0.002
41.98124 0.004
41.98266 0.002
41.98633 0.006
41.98714 0.001
42.00969 0.002
42.02036 0.004
42.02908 0.002
42.03575 0.003
42.04532 0.002
42.05967 0.002
42.07960 0.004
42.08487 0.003
42.08549 0.001
42.09046 0.001
42.11233 0.003
42.12180 0.006
42.13108 0.003
42.15598 0.018
42.15866 0.008
42.16165 0.005
42.17025 0.002
42.17737 0.001
42.17888 0.001
42.19361 0.003
42.21497 0.001
42.22142 0.011
42.22265 0.003
42.22721 0.005
42.23815 0.002
42.26318 0.001
42.26335 0.002
42.29430 0.001
42.30225 0.006
42.31938 0.002
42.32903 0.001
42.38187 0.004
42.40258 0.002
42.40791 0.004
42.41236 0.002
42.43542 0.004
42.43615 0.001
42.46081 0.001
42.47629 0.003
42.50082 0.011
42.52046 0.010
42.52820 0.002
42.52863 0.004
42.54658 0.003
42.55029 0.010
42.55974 0.001
42.59189 0.002
42.59278 0.001
42.59750 0.002
42.59981 0.006
42.60860 0.002
42.61204 0.004
42.61646 0.021
42.61807 0.001
42.61928 0.006
42.63638 0.004
42.65363 0.018
42.65515 0.004
42.65743 0.001
42.65991 0.008
42.67895 0.003
42.70418 0.003
42.74405 0.002
42.76671 0.003
42.77321 0.029
42.77741 0.001
42.77829 0.002
42.78657 0.004
42.80014 0.003
42.81170 0.002
42.81234 0.007
42.84266 0.004
42.84466 0.016
42.84653 0.005
42.86516 0.002
42.89095 0.003
42.92052 0.008
42.92311 0.010
42.92859 0.010
42.93046 0.013
42.93253 0.003
42.94190 0.001
42.96039 0.004
42.96714 0.011
42.96785 0.002
42.97966 0.004
42.98125 0.003
42.98351 0.003
42.98888 0.012
42.99681 0.003
43.00314 0.009
43.00752 0.002
43.01850 0.001
43.02190 0.003
43.03095 0.001
43.05711 0.001
43.06815 0.001
43.08538 0.001
43.08996 0.004
43.10119 0.001
43.10309 0.008
43.10563 0.002
43.10955 0.003
43.12461 0.002
43.13183 0.007
43.13890 0.014
43.15239 0.012
43.15796 0.017
43.17162 0.007
43.19847 0.001
43.20845 0.002
43.21251 0.009
43.23837 0.003
43.23851 0.003
43.24197 0.002
43.24917 0.004
43.25967 0.002
43.26073 0.004
43.27298 0.003
43.28928 0.009
43.29538 0.002
43.29692 0.001
43.29753 0.001
43.30696 0.004
43.32095 0.007
43.33468 0.014
43.35117 0.004
43.41019 0.005
43.41567 0.006
43.43734 0.002
43.44783 0.002
43.45669 0.009
43.45896 0.012
43.46974 0.002
43.49253 0.005
43.50503 0.004
43.51020 0.001
43.51455 0.001
43.51733 0.002
43.53808 0.020
43.54576 0.003
43.55440 0.012
43.56116 0.010
43.58486 0.001
43.58979 0.002
43.59041 0.002
43.59149 0.002
43.59312 0.003
43.59905 0.005
43.60555 0.004
43.60825 0.009
43.61042 0.012
43.62709 0.001
43.62906 0.003
43.63036 0.003
43.63632 0.008
43.63717 0.011
43.64365 0.003
43.66777 0.003
43.67008 0.002
43.71466 0.001
43.71953 0.005
43.76589 0.003
43.76641 0.013
43.77913 0.006
43.79012 0.003
43.79695 0.009
43.81038 0.003
43.82894 0.003
43.83402 0.003
43.84803 0.047
43.87508 0.001
43.88088 0.002
43.89734 0.002
43.91447 0.003
43.92166 0.001
43.95507 0.001
43.96307 0.001
43.98275 0.002
44.00165 0.020
44.01353 0.004
44.03023 0.001
44.03521 0.003
44.04552 0.003
44.05520 0.006
44.05586 0.003
44.05750 0.003
44.08382 0.002
44.12026 0.016
44.12469 0.002
44.14900 0.003
44.14918 0.002
44.15959 0.009
44.17162 0.001
44.17955 0.002
44.18728 0.004
44.20268 0.001
44.21075 0.002
44.23946 0.002
44.24704 0.001
44.27591 0.007
44.28030 0.006
44.28085 0.001
44.29174 0.002
44.31944 0.003
44.33362 0.010
44.34049 0.001
44.34396 0.001
44.34938 0.024
44.35268 0.001
44.36784 0.009
44.36949 0.001
44.37041 0.002
44.37223 0.004
44.39460 0.009
44.40794 0.004
44.41357 0.003
44.46406 0.006
44.47202 0.001
44.47272 0.002
44.47493 0.005
44.51908 0.002
44.52013 0.003
44.52127 0.004
44.52737 0.001
44.53191 0.001
44.55615 0.001
44.57826 0.003
44.58876 0.001
44.59691 0.003
44.60859 0.009
44.64127 0.007
44.64832 0.015
44.66237 0.004
44.67494 0.001
44.68170 0.001
44.68220 0.004
44.69130 0.012
44.72555 0.002
44.73382 0.002
44.73570 0.003
44.74944 0.003
44.78831 0.001
44.83434 0.002
44.84099 0.001
44.85464 0.004
44.85668 0.001
44.85825 0.007
44.86739 0.015
44.86816 0.003
44.90497 0.006
44.91959 0.007
44.95868 0.004
44.96267 0.005
44.97013 0.001
44.98191 0.002
44.98255 0.004
44.98430 0.002
44.99576 0.008
45.00705 0.002
45.00878 0.001
45.01682 0.002
45.01967 0.005
45.03518 0.017
45.04843 0.001
45.05691 0.002
45.05712 0.001
45.07247 0.006
45.07531 0.006
45.08370 0.002
45.08382 0.002
45.08652 0.002
45.09009 0.001
45.09434 0.002
45.13928 0.002
45.15286 0.005
45.15418 0.001
45.16029 0.001
45.16067 0.005
45.18962 0.001
45.19300 0.007
45.19343 0.003
45.20176 0.001
45.22626 0.009
45.23637 0.007
45.23660 0.005
45.26300 0.008
45.27299 0.002
45.28094 0.003
45.28904 0.003
45.29138 0.002
45.30075 0.001
45.30777 0.002
45.31721 0.004
45.33866 0.004
45.34555 0.009
45.34602 0.006
45.34770 0.001
45.34913 0.005
45.35450 0.003
45.36593 0.016
45.37236 0.003
45.39009 0.001
45.39568 0.002
45.40617 0.006
45.41391 0.002
45.44389 0.002
45.45524 0.010
45.46190 0.002
45.46998 0.004
45.48020 0.003
45.48072 0.006
45.48495 0.003
45.48944 0.001
45.49332 0.015
45.50148 0.002
45.51600 0.003
45.53288 0.009
45.53572 0.002
45.54104 0.001
45.55710 0.005
45.55757 0.003
45.56955 0.003
45.59913 0.004
45.60704 0.007
45.61236 0.004
45.61908 0.014
45.62954 0.002
45.64275 0.003
45.65641 0.005
45.69521 0.003
45.69793 0.022
45.70115 0.002
45.70182 0.005
45.70685 0.001
45.70908 0.012
45.71274 0.006
45.76555 0.006
45.77415 0.001
45.78191 0.002
45.78238 0.001
45.78872 0.004
45.80061 0.005
45.80075 0.004
45.80272 0.007
45.80305 0.004
45.80409 0.005
45.82212 0.004
45.84146 0.002
45.84412 0.003
45.84901 0.015
45.85006 0.002
45.86162 0.003
45.86322 0.002
45.86840 0.001
45.88446 0.003
45.88653 0.006
45.88793 0.001
45.94274 0.002
45.95427 0.014
45.95543 0.003
45.95931 0.004
45.96288 0.006
45.96767 0.003
45.98185 0.004
45.98245 0.001
45.98708 0.002
45.99251 0.002
46.00806 0.002
46.00968 0.002
46.03238 0.003
46.03589 0.001
46.05970 0.005
46.06179 0.002
46.06692 0.002
46.07646 0.007
46.08714 0.003
46.09005 0.011
46.11848 0.001
46.12350 0.004
46.12373 0.001
46.12613 0.004
46.13300 0.002
46.13726 0.002
46.14532 0.003
46.14743 0.001
46.19161 0.003
46.20527 0.002
46.21439 0.001
46.22103 0.002
46.23433 0.004
46.24560 0.002
46.25114 0.003
46.25705 0.005
46.26651 0.001
46.29794 0.001
46.30470 0.004
46.30592 0.011
46.31830 0.001
46.32752 0.007
46.33896 0.001
46.34156 0.002
46.34762 0.004
46.34940 0.002
46.36943 0.001
46.37206 0.002
46.38209 0.002
46.38931 0.002
46.39276 0.003
46.40355 0.004
46.40574 0.001
46.40619 0.004
46.40737 0.002
46.41045 0.001
46.41221 0.004
46.41526 0.001
46.42951 0.002
46.43177 0.001
46.43800 0.002
46.44594 0.002
46.44906 0.006
46.45015 0.002
46.47352 0.001
46.49566 0.001
46.49635 0.006
46.50433 0.018
46.50842 0.002
46.53634 0.002
46.54925 0.001
46.55661 0.001
46.55863 0.002
46.56136 0.002
46.56591 0.006
46.56925 0.002
46.56935 0.003
46.58785 0.001
46.61544 0.002
46.61651 0.003
46.62077 0.007
46.65413 0.002
46.65741 0.003
46.69760 0.005
46.70162 0.002
46.71280 0.001
46.72872 0.001
46.73764 0.001
46.74410 0.002
46.74768 0.002
46.75988 0.001
46.76049 0.006
46.77891 0.003
46.78646 0.006
46.79330 0.002
46.80466 0.001
46.80913 0.002
46.80915 0.002
46.86248 0.002
46.86510 0.005
46.86855 0.002
46.87446 0.001
46.88376 0.001
46.88795 0.013
46.88911 0.006
46.91484 0.010
46.95719 0.001
46.96079 0.002
47.00710 0.004
47.02087 0.002
47.04915 0.001
47.05105 0.002
47.06906 0.003
47.07776 0.001
47.08039 0.002
47.09039 0.002
47.11375 0.001
47.13154 0.003
47.13241 0.004
47.13602 0.004
47.13712 0.005
47.13836 0.002
47.13948 0.003
47.14903 0.002
47.15537 0.001
47.16746 0.001
47.16831 0.005
47.17321 0.002
47.17631 0.003
47.18599 0.002
47.21492 0.001
47.24183 0.008
47.26750 0.001
47.26858 0.003
47.27336 0.002
47.27490 0.002
47.29346 0.001
47.29988 0.003
47.30345 0.002
47.31831 0.002
47.31872 0.006
47.32189 0.002
47.33174 0.001
47.37182 0.002
47.38321 0.006
47.41550 0.003
47.42556 0.001
47.42740 0.001
47.44342 0.001
47.45022 0.003
47.45814 0.004
47.46260 0.007
47.47291 0.002
47.48635 0.002
47.49509 0.002
47.50374 0.002
47.51201 0.007
47.53051 0.003
47.54020 0.003
47.54176 0.001
47.54185 0.003
47.54542 0.001
47.55650 0.001
47.56181 0.006
47.56957 0.002
47.57224 0.005
47.57794 0.004
47.58253 0.003
47.59603 0.003
47.62688 0.001
47.62975 0.003
47.63035 0.013
47.63065 0.004
47.63447 0.001
47.63606 0.005
47.66936 0.004
47.67704 0.001
47.67803 0.002
47.70257 0.002
47.74608 0.004
47.75006 0.003
47.79143 0.002
47.83474 0.001
47.84341 0.005
47.88886 0.001
47.88964 0.002
47.89201 0.002
47.89644 0.002
47.89947 0.001
47.90406 0.003
47.90697 0.004
47.96590 0.003
47.96732 0.008
47.97590 0.003
47.98087 0.001
47.99568 0.003
47.99717 0.001
48.00147 0.002
48.01120 0.001
48.01742 0.006
48.01946 0.002
48.03468 0.001
48.03948 0.001
48.05747 0.005
48.05923 0.001
48.06531 0.002
48.15620 0.002
48.16064 0.010
48.16419 0.003
48.16907 0.006
48.18324 0.002
48.18626 0.002
48.19479 0.002
48.20909 0.003
48.21832 0.002
48.22052 0.004
48.23061 0.002
48.23521 0.003
48.23758 0.004
48.25816 0.002
48.26298 0.002
48.28149 0.001
48.29378 0.001
48.29501 0.001
48.30596 0.006
48.32992 0.002
48.34902 0.001
48.35010 0.002
48.36519 0.002
48.36706 0.005
48.37310 0.004
48.38080 0.005
48.38276 0.001
48.39094 0.003
48.41170 0.004
48.43091 0.005
48.43170 0.001
48.44316 0.006
48.44745 0.002
48.47806 0.002
48.50069 0.003
48.54501 0.002
48.55257 0.003
48.56581 0.005
48.57591 0.001
48.58812 0.002
48.60983 0.003
48.62675 0.006
48.64555 0.001
48.65220 0.009
48.65293 0.002
48.69561 0.002
48.70214 0.002
48.71605 0.002
48.71857 0.005
48.72947 0.004
48.73318 0.002
48.74766 0.002
48.76632 0.002
48.78083 0.001
48.79473 0.004
48.79677 0.009
48.81455 0.002
48.81795 0.007
48.82091 0.002
48.82836 0.001
48.83167 0.001
48.84148 0.003
48.84514 0.008
48.86988 0.002
48.87143 0.002
48.88282 0.001
48.89417 0.001
48.89593 0.003
48.89917 0.002
48.90041 0.004
48.93734 0.003
49.00232 0.003
49.00261 0.005
49.00742 0.002
49.00964 0.002
49.03241 0.002
49.03642 0.002
49.04813 0.002
49.06193 0.001
49.07608 0.003
49.08514 0.002
49.09279 0.003
49.10206 0.001
49.11462 0.001
49.13355 0.001
49.14366 0.006
49.14872 0.006
49.16130 0.003
49.17087 0.003
49.17270 0.002
49.17531 0.007
49.18398 0.001
49.19059 0.002
49.19152 0.001
49.19195 0.002
49.21408 0.001
49.22031 0.002
49.22562 0.002
49.23684 0.001
49.24187 0.002
49.25040 0.005
49.26080 0.003
49.28493 0.002
49.29922 0.003
49.31102 0.004
49.31842 0.001
49.33160 0.006
49.35501 0.002
49.37540 0.002
49.38456 0.001
49.39383 0.002
49.41370 0.002
49.43286 0.001
49.44285 0.003
49.53308 0.001
49.53323 0.002
49.53807 0.003
49.54298 0.003
49.56273 0.003
49.57764 0.008
49.59674 0.001
49.60045 0.002
49.61413 0.002
49.65669 0.001
49.65783 0.002
49.66074 0.004
49.66657 0.002
49.67894 0.003
49.68612 0.002
49.68746 0.001
49.69816 0.004
49.70430 0.006
49.70607 0.006
49.73490 0.001
49.76227 0.003
49.77314 0.002
49.77822 0.004
49.78184 0.002
49.78242 0.003
49.79615 0.001
49.80685 0.006
49.82622 0.004
49.82907 0.003
49.87785 0.002
49.89024 0.002
49.89194 0.001
49.90749 0.001
49.91196 0.002
49.91205 0.004
49.91927 0.002
49.95087 0.009
49.98801 0.001
49.99680 0.002
50.02455 0.001
50.03409 0.006
50.03920 0.001
50.04881 0.002
50.05578 0.001
50.05592 0.001
50.05978 0.002
50.06307 0.002
50.07491 0.001
50.07609 0.003
50.09011 0.002
50.15013 0.001
50.15245 0.002
50.18117 0.002
50.23459 0.002
50.23735 0.001
50.24361 0.002
50.24860 0.001
50.24925 0.001
50.24994 0.005
50.25852 0.002
50.26705 0.001
50.27226 0.002
50.28588 0.005
50.29334 0.002
50.34038 0.002
50.34406 0.004
50.35097 0.002
50.35847 0.002
50.36313 0.005
50.36809 0.003
50.36996 0.002
50.41107 0.003
50.42669 0.005
50.43278 0.002
50.43451 0.002
50.45138 0.001
50.49700 0.002
50.51499 0.001
50.53269 0.001
50.54806 0.003
50.56455 0.001
50.57332 0.005
50.62413 0.001
50.62777 0.001
50.64685 0.001
50.65611 0.002
50.67612 0.002
50.68117 0.001
50.68839 0.001
50.69455 0.002
50.71374 0.001
50.71732 0.001
50.79488 0.002
50.81572 0.002
50.81743 0.004
50.82220 0.004
50.82881 0.001
50.83945 0.004
50.84540 0.002
50.85536 0.002
50.86536 0.002
50.86966 0.002
50.89212 0.002
50.91485 0.001
50.94976 0.002
50.95868 0.002
50.96040 0.002
50.96833 0.001
50.97556 0.003
50.99400 0.002
50.99608 0.003
50.99968 0.003
51.02520 0.002
51.03106 0.001
51.04394 0.001
51.06402 0.002
51.07751 0.001
51.09066 0.003
51.09867 0.001
51.10304 0.002
51.11596 0.001
51.12072 0.002
51.15058 0.002
51.15931 0.002
51.16660 0.004
51.17106 0.001
51.23580 0.002
51.23602 0.010
51.27091 0.001
51.28189 0.002
51.28926 0.005
51.30215 0.001
51.34942 0.002
51.35053 0.001
51.36993 0.001
51.37101 0.003
51.38080 0.001
51.42795 0.001
51.43412 0.002
51.45167 0.006
51.45490 0.002
51.48135 0.005
51.48191 0.008
51.48515 0.002
51.48719 0.005
51.50694 0.002
51.55412 0.001
51.56421 0.004
51.57918 0.002
51.58175 0.004
51.61610 0.002
51.62388 0.001
51.63585 0.001
51.69241 0.001
51.69903 0.002
51.73230 0.002
51.73826 0.003
51.74713 0.006
51.76199 0.002
51.79784 0.001
51.80399 0.001
51.83542 0.003
51.83863 0.003
51.84615 0.003
51.85816 0.002
51.86114 0.001
51.86805 0.001
51.86909 0.002
51.87517 0.002
51.88819 0.001
51.89599 0.003
51.90510 0.002
51.92342 0.003
51.92472 0.003
51.92565 0.003
51.93917 0.006
51.96034 0.002
51.97568 0.001
52.01145 0.004
52.02037 0.005
52.02124 0.001
52.02698 0.003
52.04900 0.001
52.05538 0.003
52.06417 0.002
52.06647 0.003
52.06703 0.002
52.08334 0.001
52.09132 0.001
52.10280 0.002
52.14354 0.002
52.14451 0.003
52.14844 0.003
52.15579 0.001
52.20281 0.001
52.20528 0.003
52.20897 0.003
52.21091 0.004
52.22481 0.002
52.27991 0.002
52.33932 0.002
52.36096 0.002
52.36122 0.001
52.36128 0.002
52.39009 0.003
52.39282 0.002
52.41991 0.001
52.42901 0.002
52.43302 0.001
52.44432 0.003
52.44900 0.003
52.48757 0.001
52.50262 0.005
52.51187 0.002
52.52809 0.003
52.53031 0.002
52.54656 0.002
52.54931 0.002
52.55869 0.001
52.56418 0.002
52.59638 0.002
52.61661 0.001
52.61766 0.001
52.63850 0.002
52.64519 0.001
52.65424 0.001
52.65959 0.001
52.67385 0.005
52.68009 0.004
52.68897 0.003
52.73437 0.002
52.74632 0.001
52.75201 0.002
52.79578 0.002
52.80340 0.002
52.84451 0.001
52.85366 0.001
52.85481 0.002
52.88326 0.001
52.92844 0.001
52.94466 0.001
53.00959 0.006
53.09469 0.002
53.13722 0.001
53.15045 0.001
53.16782 0.005
53.17991 0.001
53.18363 0.003
53.19249 0.001
53.19597 0.001
53.23554 0.002
53.27196 0.001
53.28325 0.002
53.29931 0.001
53.30543 0.003
53.32689 0.006
53.34274 0.001
53.35037 0.002
53.35620 0.002
53.36240 0.001
53.36974 0.002
53.37247 0.003
53.39746 0.001
53.40460 0.002
53.40711 0.002
53.43287 0.003
53.43510 0.001
53.43702 0.002
53.45047 0.001
53.45272 0.001
53.46980 0.003
53.50385 0.001
53.51453 0.001
53.51950 0.002
53.53749 0.002
53.54637 0.003
53.54972 0.001
53.57701 0.002
53.57702 0.001
53.61428 0.002
53.63473 0.002
53.67832 0.001
53.68505 0.007
53.69835 0.001
53.78983 0.003
53.80098 0.003
53.80318 0.002
53.83330 0.003
53.86482 0.001
53.88488 0.001
53.88790 0.004
53.91655 0.002
54.02112 0.005
54.02293 0.002
54.02520 0.002
54.07893 0.001
54.13728 0.002
54.18012 0.001
54.19533 0.001
54.20780 0.002
54.21815 0.001
54.22124 0.007
54.22428 0.002
54.24158 0.002
54.25584 0.003
54.26996 0.003
54.27429 0.002
54.28692 0.001
54.32436 0.002
54.32752 0.003
54.33661 0.004
54.36279 0.002
54.39190 0.005
54.39338 0.004
54.40155 0.003
54.42238 0.002
54.42669 0.001
54.44106 0.002
54.44592 0.001
54.44753 0.002
54.47216 0.003
54.49257 0.001
54.49322 0.002
54.49638 0.001
54.50552 0.010
54.51332 0.002
54.52963 0.002
54.53659 0.005
54.55222 0.001
54.56257 0.002
54.57111 0.001
54.58068 0.001
54.58372 0.002
54.58468 0.003
54.58533 0.001
54.59972 0.001
54.62270 0.001
54.63429 0.001
54.64565 0.001
54.64792 0.002
54.66344 0.001
54.67925 0.005
54.69739 0.002
54.69827 0.001
54.71119 0.003
54.71557 0.003
54.71585 0.001
54.71750 0.002
54.71975 0.002
54.73624 0.006
54.76266 0.002
54.78893 0.002
54.79440 0.001
54.81082 0.003
54.81666 0.001
54.82740 0.003
54.82855 0.002
54.83364 0.003
54.86965 0.001
54.87591 0.004
54.89721 0.003
54.90431 0.003
54.92097 0.001
54.92425 0.002
54.94025 0.003
54.96170 0.002
54.97064 0.002
55.00927 0.003
55.01889 0.004
55.01984 0.002
55.02694 0.004
55.04275 0.002
55.05709 0.001
55.07139 0.001
55.10705 0.001
55.10919 0.002
55.12007 0.001
55.13638 0.002
55.14591 0.001
55.16053 0.003
55.16358 0.001
55.16609 0.003
55.17724 0.001
55.21675 0.002
55.21995 0.002
55.22779 0.001
55.23708 0.003
55.23805 0.003
55.26555 0.001
55.26673 0.003
55.27555 0.003
55.31534 0.002
55.31776 0.003
55.33177 0.004
55.34825 0.002
55.35173 0.002
55.35371 0.003
55.36377 0.005
55.38412 0.002
55.39656 0.001
55.40869 0.002
55.41803 0.001
55.42754 0.002
55.44578 0.002
55.45974 0.002
55.50043 0.002
55.50546 0.004
55.50601 0.001
55.50851 0.001
55.54065 0.003
55.60116 0.002
55.60289 0.002
55.61662 0.001
55.62266 0.002
55.62976 0.002
55.63912 0.003
55.64245 0.001
55.65205 0.002
55.66685 0.001
55.68678 0.001
55.69646 0.003
55.71614 0.002
55.72317 0.002
55.75522 0.001
55.81815 0.001
55.82345 0.003
55.83877 0.001
55.84651 0.002
55.86189 0.001
55.87356 0.002
55.97103 0.004
55.97987 0.002
55.98353 0.002
56.00277 0.003
56.01910 0.001
56.05502 0.002
56.05519 0.003
56.08610 0.003
56.09789 0.001
56.11166 0.005
56.11708 0.002
56.12299 0.002
56.14572 0.002
56.16660 0.003
56.18156 0.001
56.19513 0.001
56.23340 0.002
56.25408 0.002
56.27768 0.002
56.28677 0.001
56.29255 0.002
56.32961 0.002
56.33468 0.002
56.36566 0.001
56.38004 0.003
56.40147 0.001
56.41206 0.001
56.42400 0.002
56.43814 0.001
56.44979 0.001
56.45265 0.002
56.50102 0.003
56.50336 0.004
56.51140 0.001
56.52984 0.001
56.54222 0.003
56.62119 0.003
56.63445 0.002
56.63822 0.004
56.64055 0.003
56.64695 0.002
56.65964 0.002
56.66783 0.002
56.67540 0.003
56.67778 0.001
56.68723 0.001
56.70539 0.002
56.70610 0.002
56.72309 0.002
56.75833 0.004
56.76713 0.002
56.76780 0.001
56.76994 0.002
56.79401 0.001
56.81923 0.002
56.83395 0.001
56.83963 0.001
56.84207 0.001
56.84661 0.001
56.84711 0.001
56.86101 0.001
56.87116 0.001
56.87602 0.001
56.93646 0.003
56.96546 0.003
56.96985 0.002
56.99162 0.002
56.99450 0.002
57.00020 0.003
57.00483 0.002
57.00504 0.002
57.04159 0.001
57.07379 0.004
57.08489 0.002
57.09571 0.003
57.10905 0.002
57.11561 0.001
57.11953 0.002
57.12800 0.002
57.14516 0.001
57.16172 0.001
57.17399 0.002
57.17415 0.002
57.21583 0.001
57.26239 0.001
57.29241 0.001
57.29500 0.002
57.30123 0.001
57.33598 0.001
57.36178 0.001
57.36190 0.001
57.36866 0.004
57.36973 0.003
57.38509 0.002
57.39199 0.001
57.45301 0.001
57.46187 0.002
57.46680 0.001
57.50594 0.007
57.51455 0.001
57.52727 0.001
57.52878 0.001
57.53378 0.003
57.53911 0.002
57.54322 0.001
57.55099 0.003
57.57314 0.001
57.58112 0.004
57.58974 0.003
57.66921 0.001
57.67450 0.004
57.68681 0.002
57.70635 0.002
57.72253 0.003
57.79759 0.001
57.79919 0.002
57.80883 0.002
57.81170 0.004
57.81487 0.004
57.84404 0.003
57.86516 0.001
57.86792 0.001
57.90395 0.001
57.90832 0.003
57.93542 0.001
57.96470 0.002
57.97201 0.002
58.04340 0.002
58.05695 0.002
58.08049 0.002
58.08059 0.002
58.09358 0.002
58.10584 0.001
58.10692 0.001
58.14429 0.002
58.15121 0.004
58.15619 0.004
58.15789 0.001
58.17439 0.001
58.20875 0.002
58.26474 0.002
58.32882 0.002
58.37256 0.001
58.38051 0.001
58.38818 0.003
58.47197 0.001
58.47959 0.001
58.50755 0.001
58.51255 0.001
58.58039 0.002
58.59500 0.001
58.61330 0.002
58.64875 0.001
58.73943 0.001
58.75496 0.002
58.79558 0.002
58.81376 0.001
58.82543 0.001
58.82888 0.001
58.83159 0.001
58.84248 0.001
58.87032 0.001
58.88401 0.001
58.90190 0.001
58.91948 0.002
58.97583 0.001
59.01428 0.001
59.06639 0.001
59.06765 0.002
59.07994 0.001
59.08830 0.002
59.11578 0.002
59.13498 0.001
59.16672 0.002
59.19261 0.002
59.20042 0.001
59.31411 0.002
59.34164 0.001
59.39297 0.002
59.40549 0.002
59.42696 0.001
59.43119 0.002
59.43825 0.002
59.56284 0.001
59.67681 0.004
59.67816 0.002
59.68056 0.003
59.70089 0.002
59.73436 0.002
59.81897 0.001
59.82411 0.002
59.83089 0.001
59.85889 0.001
59.86843 0.001
59.88943 0.001
59.90937 0.002
59.92979 0.002
59.95281 0.001
59.99291 0.001
