3.12983 4.466
3.29018 100.000
3.62226 70.076
5.30426 1.776
5.91848 0.087
6.17421 2.250
6.26201 3.688
6.58309 9.400
7.24815 4.288
8.06860 0.294
8.25830 1.953
8.36538 0.175
8.75294 0.131
8.77233 0.565
8.86363 0.039
8.97237 0.690
9.00316 0.031
9.20510 0.578
9.21299 0.415
9.26235 1.368
9.30722 1.400
9.39887 0.131
9.58083 0.534
9.64752 0.165
9.88144 0.529
10.08439 0.114
10.16646 0.419
10.18501 0.301
10.28006 0.306
10.32142 0.238
10.33613 0.038
10.57493 0.028
10.61994 0.003
10.71355 0.017
10.83536 0.108
10.88132 0.539
11.01208 0.028
11.03801 0.100
11.31378 0.462
11.35405 0.313
11.37416 0.054
11.40709 0.573
11.74744 0.136
11.85283 0.080
11.90447 0.219
12.02919 0.055
12.11265 0.229
12.12510 0.211
12.14405 0.032
12.36356 0.188
12.36474 0.027
12.36644 0.082
12.39157 0.184
12.44507 0.210
12.50011 0.148
12.54281 0.069
12.68739 0.086
12.74319 0.072
12.83712 0.142
12.86965 0.144
13.08882 0.035
13.11701 0.117
13.14693 0.001
13.18802 0.232
13.31248 0.071
13.40511 0.025
13.44744 0.112
13.50608 0.150
13.58607 0.068
13.69582 0.032
13.91027 0.061
14.02790 0.487
14.08946 0.012
14.13958 0.153
14.40044 0.008
14.42774 0.007
14.47686 0.017
14.47989 0.310
14.50166 0.189
14.52549 0.153
14.61394 0.054
14.62138 0.346
14.63248 0.220
14.63880 0.150
14.81149 0.021
14.92789 0.003
15.12039 0.028
15.12754 0.057
15.19004 0.198
15.20193 0.012
15.26072 0.109
15.36720 0.022
15.36952 0.069
15.38256 0.051
15.44359 0.049
15.55955 0.027
15.63225 0.031
15.69626 0.045
15.95538 0.098
15.95865 0.022
16.10773 0.005
16.13145 0.104
16.13210 0.085
16.17755 0.074
16.35057 0.273
16.36711 0.001
16.42709 0.036
16.46350 0.270
16.50568 0.048
16.55988 0.014
16.67839 0.095
16.71047 0.011
16.77576 0.152
16.83686 0.036
16.86846 0.018
16.92946 0.003
16.96406 0.116
16.99540 0.008
17.01153 0.159
17.02446 0.092
17.10007 0.263
17.10308 0.003
17.14304 0.009
17.18612 0.028
17.21656 0.002
17.22820 0.128
17.30828 0.159
17.32288 0.125
17.32841 0.058
17.37376 0.117
17.39935 0.069
17.51785 0.067
17.53305 0.097
17.55748 0.015
17.59660 0.129
17.60614 0.009
17.63321 0.008
17.72381 0.008
17.78085 0.033
17.81928 0.035
17.88034 0.007
17.88264 0.025
17.90103 0.023
17.98741 0.007
17.99150 0.036
18.00035 0.626
18.00389 0.007
18.06250 0.006
18.08053 0.029
18.18451 0.011
18.20301 0.055
18.22957 0.008
18.25733 0.262
18.26626 0.071
18.29025 0.003
18.29048 0.010
18.31844 0.132
18.47029 0.188
18.47114 0.005
18.48621 0.059
18.58591 0.198
18.58950 0.023
18.59519 0.021
18.61158 0.181
18.63160 0.008
18.67655 0.007
18.71506 0.060
18.82734 0.039
18.86172 0.010
18.86598 0.127
18.87158 0.004
18.88909 0.013
18.91128 0.011
18.94318 0.149
18.95927 0.129
18.98462 0.028
19.00278 0.310
19.05569 0.044
19.06448 0.014
19.06575 0.056
19.10219 0.041
19.14461 0.044
19.20741 0.042
19.22946 0.004
19.36428 0.008
19.40824 0.014
19.42954 0.111
19.45858 0.265
19.46919 0.003
19.48487 0.056
19.60596 0.031
19.63235 0.206
19.67680 0.019
19.70829 0.120
19.71005 0.021
19.71149 0.097
19.71547 0.251
19.73631 0.028
19.79291 0.039
19.82190 0.057
19.82896 0.181
19.83733 0.066
19.89422 0.008
19.92681 0.052
20.03570 0.014
20.05570 0.095
20.10467 0.248
20.15178 0.002
20.16009 0.068
20.20085 0.092
20.24795 0.294
20.29362 0.004
20.31305 0.012
20.31470 0.015
20.34175 0.035
20.37862 0.056
20.41407 0.005
20.43709 0.173
20.45160 0.013
20.47436 0.075
20.47966 0.006
20.50732 0.071
20.55238 0.026
20.55948 0.007
20.58040 0.012
20.58304 0.022
20.59960 0.007
20.64404 0.006
20.69480 0.009
20.72778 0.094
20.75757 0.017
20.78214 0.087
20.83667 0.043
20.84807 0.002
20.85651 0.262
20.86435 0.008
20.90353 0.019
20.91809 0.015
20.91941 0.020
20.92236 0.015
20.96970 0.066
21.00315 0.026
21.05155 0.002
21.10402 0.035
21.16902 0.035
21.20140 0.013
21.24128 0.002
21.24639 0.037
21.26251 0.017
21.33248 0.018
21.44271 0.017
21.48149 0.027
21.49968 0.043
21.52222 0.098
21.54858 0.032
21.55718 0.016
21.59584 0.122
21.59735 0.011
21.62882 0.041
21.68085 0.009
21.73835 0.004
21.76915 0.136
21.83887 0.011
21.86233 0.015
21.91105 0.075
21.96158 0.010
21.97493 0.017
22.01655 0.061
22.04272 0.023
22.05356 0.167
22.10742 0.102
22.12753 0.112
22.18013 0.003
22.18413 0.182
22.20024 0.003
22.22049 0.003
22.22893 0.003
22.25233 0.002
22.25762 0.063
22.26379 0.025
22.26585 0.003
22.27052 0.002
22.33529 0.006
22.34301 0.018
22.37562 0.013
22.38201 0.032
22.40534 0.033
22.42175 0.027
22.46714 0.034
22.48763 0.006
22.54525 0.002
22.55629 0.133
22.57891 0.014
22.64379 0.012
22.65853 0.008
22.67341 0.005
22.72512 0.008
22.73977 0.068
22.75993 0.024
22.77355 0.017
22.79180 0.012
22.79684 0.010
22.82152 0.006
22.86235 0.029
22.91085 0.013
22.92923 0.022
22.95037 0.015
22.95671 0.073
23.06190 0.011
23.08720 0.049
23.09619 0.140
23.13238 0.021
23.15394 0.088
23.18601 0.031
23.21427 0.039
23.32695 0.017
23.37239 0.043
23.40370 0.006
23.41125 0.004
23.42310 0.003
23.45314 0.008
23.47031 0.012
23.49221 0.002
23.55644 0.026
23.57395 0.046
23.62067 0.005
23.67147 0.002
23.71024 0.001
23.71697 0.047
23.75030 0.029
23.76929 0.032
23.78918 0.045
23.80176 0.003
23.80417 0.050
23.83490 0.009
23.87028 0.002
23.89833 0.012
23.90379 0.004
23.92508 0.025
23.93989 0.027
23.96519 0.060
24.00552 0.009
24.00758 0.013
24.01860 0.009
24.02977 0.014
24.07007 0.005
24.11568 0.010
24.19357 0.099
24.21322 0.008
24.28543 0.189
24.33063 0.083
24.33462 0.009
24.36335 0.005
24.36906 0.007
24.38057 0.015
24.38868 0.018
24.39226 0.110
24.42724 0.024
24.44864 0.065
24.47172 0.132
24.48260 0.017
24.48952 0.008
24.52336 0.005
24.52995 0.010
24.53322 0.004
24.63022 0.008
24.69555 0.006
24.70179 0.010
24.74266 0.011
24.75673 0.003
24.78882 0.009
24.87406 0.027
24.87646 0.122
24.87992 0.008
24.88956 0.005
24.93108 0.007
24.94240 0.003
24.95012 0.005
24.98361 0.020
24.98930 0.004
25.01228 0.007
25.02033 0.003
25.04003 0.002
25.05371 0.009
25.06029 0.007
25.10908 0.021
25.14355 0.009
25.15215 0.005
25.18726 0.007
25.21530 0.010
25.23913 0.012
25.24915 0.009
25.26202 0.060
25.26734 0.012
25.27837 0.001
25.37955 0.047
25.38481 0.079
25.38811 0.003
25.40212 0.037
25.41452 0.002
25.42184 0.002
25.45747 0.024
25.47784 0.013
25.48644 0.004
25.53374 0.045
25.53681 0.019
25.53807 0.012
25.55323 0.042
25.55753 0.010
25.56309 0.003
25.57662 0.008
25.64748 0.009
25.65513 0.101
25.68496 0.063
25.70448 0.032
25.73324 0.059
25.77373 0.010
25.77401 0.011
25.78496 0.218
25.80676 0.132
25.84444 0.009
25.85892 0.015
25.86631 0.007
25.90114 0.006
25.90531 0.037
25.91914 0.018
26.01769 0.042
26.06740 0.035
26.09291 0.003
26.10593 0.034
26.15249 0.018
26.18651 0.007
26.19798 0.011
26.20119 0.003
26.20555 0.025
26.21500 0.005
26.26452 0.046
26.33828 0.004
26.35159 0.049
26.35241 0.005
26.35710 0.008
26.35766 0.010
26.40995 0.002
26.43112 0.020
26.47101 0.008
26.51914 0.028
26.52760 0.039
26.55489 0.011
26.55936 0.124
26.56894 0.016
26.57346 0.013
26.58417 0.024
26.59385 0.043
26.60565 0.008
26.62932 0.008
26.65168 0.008
26.65778 0.003
26.66904 0.003
26.68833 0.013
26.72570 0.031
26.75425 0.001
26.75779 0.032
26.78415 0.016
26.78982 0.043
26.79686 0.031
26.79976 0.001
26.80721 0.002
26.80824 0.011
26.80901 0.002
26.82566 0.001
26.85056 0.010
26.87002 0.004
26.88346 0.011
26.89544 0.005
26.90065 0.006
26.90096 0.016
26.93290 0.075
26.94527 0.003
26.94896 0.028
26.97776 0.005
26.98277 0.001
26.99327 0.113
26.99820 0.052
27.08043 0.013
27.08466 0.012
27.14087 0.019
27.14272 0.027
27.15605 0.007
27.20448 0.008
27.20582 0.015
27.22203 0.010
27.22307 0.004
27.22509 0.003
27.23745 0.037
27.29413 0.017
27.30373 0.010
27.30453 0.009
27.31590 0.014
27.36594 0.025
27.36796 0.005
27.39101 0.012
27.41040 0.006
27.44407 0.071
27.45724 0.011
27.50143 0.010
27.50284 0.022
27.50363 0.001
27.55088 0.006
27.57882 0.028
27.59233 0.010
27.60023 0.002
27.61039 0.018
27.65847 0.123
27.70154 0.011
27.72224 0.002
27.75449 0.066
27.75659 0.014
27.79617 0.007
27.81297 0.013
27.84756 0.005
27.85925 0.003
27.87817 0.003
27.88354 0.003
27.88635 0.006
27.89613 0.007
27.90330 0.008
27.92867 0.116
27.98945 0.011
27.99029 0.007
28.01807 0.037
28.02392 0.002
28.03098 0.002
28.03565 0.004
28.03668 0.008
28.03911 0.008
28.06187 0.011
28.07921 0.010
28.08003 0.009
28.08232 0.007
28.10014 0.007
28.11740 0.002
28.13727 0.017
28.15129 0.002
28.15785 0.005
28.17396 0.005
28.18721 0.004
28.22730 0.002
28.23585 0.003
28.27172 0.005
28.28590 0.007
28.29206 0.007
28.36019 0.004
28.37356 0.020
28.39260 0.001
28.39775 0.004
28.42295 0.013
28.45481 0.019
28.46044 0.009
28.50038 0.002
28.52124 0.002
28.52454 0.007
28.53379 0.002
28.54883 0.006
28.55238 0.011
28.57403 0.016
28.58138 0.012
28.58494 0.002
28.59304 0.007
28.59751 0.004
28.63943 0.011
28.66746 0.042
28.70650 0.035
28.72461 0.065
28.72503 0.002
28.81175 0.002
28.81179 0.028
28.82947 0.004
28.85089 0.001
28.85722 0.004
28.91108 0.004
28.92017 0.012
28.92269 0.001
28.94373 0.001
28.94662 0.011
29.01716 0.005
29.01815 0.003
29.02072 0.004
29.03480 0.001
29.03545 0.005
29.04445 0.063
29.05456 0.003
29.08574 0.032
29.09078 0.026
29.19146 0.004
29.19200 0.009
29.19768 0.017
29.21745 0.006
29.22405 0.015
29.22413 0.009
29.24232 0.041
29.25116 0.055
29.26919 0.008
29.29285 0.005
29.29850 0.004
29.32141 0.004
29.34020 0.081
29.38472 0.021
29.38849 0.004
29.41585 0.004
29.42711 0.024
29.43883 0.006
29.44517 0.002
29.44947 0.003
29.47257 0.008
29.48783 0.004
29.48831 0.007
29.49836 0.009
29.51061 0.001
29.51338 0.003
29.52464 0.003
29.52726 0.034
29.54719 0.047
29.56581 0.019
29.56982 0.003
29.61874 0.012
29.64546 0.005
29.65273 0.005
29.69704 0.032
29.70414 0.037
29.70886 0.010
29.70924 0.014
29.71002 0.025
29.71322 0.013
29.72534 0.013
29.73509 0.026
29.77265 0.008
29.78489 0.008
29.81116 0.073
29.81655 0.009
29.83425 0.002
29.91374 0.005
29.91397 0.002
29.91800 0.002
29.94732 0.005
29.94752 0.009
29.96453 0.001
30.04994 0.001
30.05944 0.004
30.07674 0.005
30.08863 0.001
30.09833 0.019
30.11694 0.005
30.12231 0.013
30.15007 0.006
30.20034 0.002
30.20849 0.007
30.21286 0.008
30.21798 0.007
30.26167 0.019
30.27872 0.016
30.35068 0.008
30.42557 0.002
30.44015 0.005
30.44336 0.010
30.44572 0.002
30.50338 0.003
30.52708 0.015
30.55340 0.002
30.57564 0.036
30.59633 0.001
30.61469 0.001
30.64755 0.007
30.64804 0.032
30.65554 0.002
30.67998 0.004
30.68535 0.002
30.71145 0.007
30.73707 0.013
30.73816 0.011
30.74895 0.008
30.77539 0.010
30.79059 0.006
30.79874 0.002
30.80084 0.013
30.81372 0.003
30.82881 0.011
30.82999 0.009
30.84618 0.002
30.87408 0.006
30.88746 0.015
30.93005 0.012
30.94842 0.004
30.94846 0.001
30.97592 0.008
30.98507 0.001
31.00081 0.001
31.04050 0.011
31.11829 0.005
31.12869 0.004
31.13796 0.004
31.14050 0.003
31.15860 0.003
31.17035 0.006
31.17696 0.002
31.18223 0.017
31.19252 0.001
31.19636 0.003
31.21126 0.003
31.24167 0.007
31.24173 0.002
31.27194 0.005
31.28985 0.024
31.29257 0.003
31.31054 0.005
31.31545 0.002
31.33769 0.002
31.35306 0.004
31.35619 0.002
31.38704 0.005
31.41562 0.009
31.43190 0.004
31.48289 0.002
31.48665 0.010
31.49524 0.003
31.51666 0.003
31.56529 0.002
31.60097 0.006
31.61059 0.004
31.62548 0.003
31.64964 0.004
31.66434 0.003
31.67497 0.002
31.69711 0.002
31.69812 0.006
31.70902 0.005
31.71188 0.005
31.73014 0.003
31.74381 0.055
31.75691 0.025
31.78293 0.003
31.78567 0.002
31.82480 0.031
31.83000 0.013
31.83472 0.005
31.83795 0.006
31.86344 0.040
31.86413 0.007
31.89141 0.026
31.93258 0.002
31.93406 0.002
31.96359 0.002
31.97094 0.005
31.97234 0.003
31.97431 0.006
32.01515 0.007
32.02065 0.005
32.03252 0.009
32.06189 0.002
32.08970 0.008
32.09786 0.001
32.11464 0.003
32.13836 0.043
32.17572 0.002
32.17620 0.015
32.23106 0.006
32.25037 0.007
32.25316 0.002
32.31768 0.003
32.31963 0.012
32.35412 0.004
32.40144 0.003
32.40763 0.010
32.42142 0.002
32.49933 0.001
32.52898 0.002
32.53850 0.003
32.54523 0.004
32.54622 0.019
32.58036 0.007
32.58476 0.002
32.58845 0.011
32.59418 0.001
32.59552 0.003
32.60858 0.001
32.61978 0.005
32.63864 0.001
32.64467 0.006
32.65198 0.002
32.65269 0.006
32.66896 0.005
32.67847 0.016
32.68571 0.002
32.68794 0.010
32.68930 0.002
32.73239 0.009
32.75600 0.002
32.83242 0.015
32.84204 0.003
32.84705 0.005
32.85615 0.010
32.85738 0.010
32.86643 0.002
32.87330 0.013
32.89133 0.005
32.90814 0.003
32.92404 0.012
32.92754 0.002
32.92921 0.002
32.96890 0.002
32.98395 0.008
33.01017 0.001
33.04644 0.001
33.05126 0.001
33.05409 0.004
33.08060 0.018
33.09764 0.008
33.15550 0.005
33.16012 0.009
33.17677 0.010
33.18895 0.006
33.20447 0.006
33.23414 0.001
33.23815 0.006
33.28307 0.003
33.29219 0.010
33.29381 0.004
33.30938 0.002
33.31525 0.008
33.35283 0.002
33.35472 0.006
33.36684 0.003
33.37114 0.003
33.38338 0.001
33.40029 0.002
33.40461 0.005
33.42628 0.008
33.43124 0.016
33.45880 0.003
33.47830 0.006
33.52416 0.003
33.55410 0.006
33.58786 0.002
33.62613 0.002
33.64588 0.004
33.69094 0.002
33.72383 0.004
33.75487 0.002
33.76152 0.001
33.79017 0.005
33.82202 0.006
33.84708 0.002
33.85206 0.003
33.91497 0.003
33.92522 0.005
33.94057 0.007
33.94146 0.006
33.96563 0.006
33.97255 0.001
34.00063 0.010
34.01135 0.003
34.01290 0.004
34.02989 0.007
34.03917 0.006
34.04469 0.007
34.05162 0.008
34.11105 0.010
34.11328 0.003
34.11700 0.018
34.14166 0.005
34.15531 0.005
34.16034 0.005
34.16283 0.003
34.18952 0.002
34.21364 0.002
34.21403 0.002
34.22472 0.004
34.22701 0.003
34.23492 0.002
34.23919 0.003
34.24327 0.003
34.26548 0.017
34.27128 0.003
34.27144 0.003
34.27583 0.002
34.28480 0.010
34.30158 0.004
34.33457 0.005
34.37395 0.012
34.37977 0.004
34.38271 0.003
34.40061 0.004
34.41317 0.004
34.42426 0.006
34.42891 0.005
34.42976 0.002
34.43995 0.010
34.50095 0.015
34.50403 0.005
34.52646 0.002
34.53900 0.006
34.55016 0.003
34.55433 0.004
34.55767 0.002
34.57867 0.004
34.58068 0.002
34.58335 0.010
34.58830 0.002
34.58933 0.003
34.59447 0.010
34.59655 0.006
34.59820 0.002
34.60278 0.003
34.61839 0.004
34.66700 0.002
34.67746 0.003
34.68039 0.006
34.68908 0.004
34.69004 0.006
34.69041 0.002
34.69233 0.006
34.70136 0.004
34.70816 0.013
34.71070 0.004
34.71324 0.004
34.72207 0.005
34.76475 0.002
34.76787 0.006
34.77616 0.004
34.78688 0.002
34.81614 0.007
34.83792 0.014
34.84961 0.008
34.85654 0.001
34.90438 0.002
34.90482 0.004
34.91500 0.004
34.96879 0.003
34.97484 0.027
34.97603 0.002
35.01147 0.005
35.02804 0.006
35.05250 0.002
35.05399 0.002
35.05830 0.005
35.06771 0.014
35.08522 0.009
35.09946 0.012
35.11200 0.001
35.11760 0.003
35.14452 0.009
35.15087 0.002
35.15742 0.001
35.15745 0.001
35.15873 0.005
35.16382 0.003
35.16882 0.005
35.20004 0.002
35.21689 0.004
35.21878 0.001
35.25340 0.002
35.25424 0.002
35.27251 0.003
35.30561 0.002
35.31418 0.002
35.32390 0.008
35.33650 0.001
35.36797 0.002
35.37182 0.003
35.39728 0.001
35.40832 0.004
35.43017 0.001
35.43488 0.004
35.45857 0.002
35.46274 0.002
35.49430 0.003
35.49654 0.005
35.51517 0.007
35.51924 0.002
35.52900 0.005
35.54499 0.001
35.56055 0.004
35.56316 0.013
35.57987 0.008
35.59644 0.004
35.61859 0.004
35.61954 0.011
35.62621 0.001
35.64601 0.006
35.65605 0.003
35.70221 0.002
35.71357 0.017
35.73628 0.006
35.74509 0.001
35.75460 0.005
35.79803 0.011
35.83509 0.005
35.83525 0.001
35.84185 0.003
35.84844 0.007
35.86992 0.005
35.89036 0.003
35.90992 0.006
35.94736 0.001
35.95422 0.004
36.00679 0.006
36.00885 0.002
36.01844 0.009
36.02334 0.007
36.02483 0.007
36.03791 0.003
36.08383 0.001
36.11351 0.011
36.14467 0.004
36.16423 0.003
36.16838 0.006
36.17256 0.003
36.19854 0.007
36.22039 0.011
36.23127 0.002
36.23945 0.004
36.24112 0.006
36.24321 0.006
36.25081 0.006
36.25386 0.004
36.25864 0.005
36.26948 0.008
36.29054 0.001
36.32182 0.001
36.33151 0.007
36.33918 0.002
36.36069 0.002
36.36994 0.002
36.38306 0.003
36.43824 0.002
36.44675 0.002
36.45704 0.007
36.46291 0.003
36.46515 0.003
36.47251 0.001
36.50329 0.008
36.57179 0.003
36.57222 0.002
36.59444 0.003
36.59690 0.005
36.59762 0.002
36.62353 0.001
36.62701 0.004
36.63195 0.002
36.64261 0.003
36.64912 0.001
36.66157 0.002
36.67899 0.003
36.69774 0.004
36.70380 0.003
36.71154 0.001
36.71251 0.002
36.71549 0.001
36.73599 0.005
36.74076 0.001
36.74988 0.005
36.75941 0.002
36.76869 0.006
36.77147 0.016
36.80138 0.015
36.81477 0.002
36.81722 0.003
36.82854 0.004
36.83554 0.004
36.84033 0.001
36.84324 0.005
36.84326 0.009
36.84833 0.009
36.85360 0.004
36.85613 0.007
36.85851 0.002
36.87553 0.006
36.88623 0.007
36.90499 0.005
36.90752 0.003
36.91354 0.010
36.94214 0.001
36.94414 0.006
36.94681 0.003
36.96969 0.006
36.99028 0.005
37.00375 0.004
37.01852 0.005
37.03728 0.003
37.04304 0.004
37.05348 0.002
37.05740 0.016
37.06674 0.004
37.06681 0.005
37.06849 0.003
37.06897 0.001
37.07100 0.003
37.08081 0.010
37.12133 0.002
37.12720 0.003
37.12788 0.001
37.15699 0.006
37.16243 0.001
37.17173 0.007
37.20252 0.002
37.21551 0.004
37.22059 0.007
37.22577 0.005
37.23174 0.009
37.23189 0.004
37.25754 0.002
37.26407 0.002
37.26686 0.003
37.30798 0.002
37.32381 0.003
37.33365 0.002
37.37469 0.008
37.38110 0.010
37.38190 0.004
37.42887 0.003
37.44359 0.007
37.45021 0.003
37.46821 0.003
37.47677 0.001
37.47715 0.001
37.48446 0.010
37.55116 0.004
37.55185 0.014
37.63904 0.004
37.65670 0.003
37.67640 0.009
37.68181 0.004
37.68466 0.003
37.69492 0.002
37.69670 0.006
37.69864 0.002
37.70400 0.002
37.71012 0.002
37.73820 0.011
37.77772 0.006
37.77995 0.001
37.78319 0.006
37.79141 0.002
37.80695 0.003
37.81589 0.001
37.82682 0.009
37.86544 0.002
37.86706 0.007
37.87259 0.005
37.87373 0.003
37.88126 0.005
37.88423 0.001
37.88979 0.007
37.89662 0.001
37.93633 0.003
37.95187 0.001
37.95408 0.005
37.96311 0.002
37.97272 0.002
38.00176 0.022
38.00359 0.002
38.01188 0.002
38.01563 0.006
38.05074 0.005
38.05352 0.002
38.08138 0.010
38.11217 0.002
38.11562 0.003
38.12550 0.002
38.18466 0.004
38.18565 0.003
38.18845 0.001
38.22597 0.002
38.23014 0.007
38.23287 0.002
38.23339 0.001
38.26025 0.002
38.26914 0.027
38.28046 0.002
38.28084 0.001
38.28433 0.004
38.29852 0.002
38.31735 0.016
38.32705 0.003
38.33449 0.004
38.34070 0.002
38.36042 0.008
38.37110 0.003
38.38553 0.002
38.39705 0.013
38.42235 0.001
38.42513 0.002
38.43038 0.004
38.43596 0.005
38.43740 0.007
38.44656 0.001
38.45921 0.001
38.46400 0.008
38.46540 0.010
38.46734 0.003
38.48835 0.005
38.50669 0.004
38.51697 0.002
38.52949 0.009
38.55492 0.018
38.56517 0.002
38.58049 0.002
38.58636 0.004
38.63148 0.002
38.63721 0.002
38.66550 0.003
38.67215 0.002
38.68318 0.004
38.68387 0.004
38.68604 0.003
38.70976 0.001
38.71188 0.001
38.71688 0.009
38.72575 0.003
38.76270 0.004
38.79120 0.007
38.80800 0.015
38.83320 0.003
38.85141 0.003
38.85274 0.005
38.89327 0.004
38.94202 0.013
38.95240 0.004
38.97860 0.002
38.98275 0.008
38.98979 0.004
38.99044 0.001
39.00353 0.003
39.01029 0.003
39.01332 0.002
39.02888 0.004
39.03540 0.026
39.04369 0.002
39.04640 0.006
39.06881 0.019
39.07197 0.002
39.08129 0.004
39.12193 0.004
39.15361 0.002
39.20630 0.004
39.20815 0.001
39.22426 0.006
39.23167 0.006
39.25660 0.005
39.27086 0.001
39.27684 0.004
39.27834 0.002
39.28265 0.005
39.29334 0.003
39.29534 0.001
39.30246 0.002
39.30583 0.001
39.33031 0.006
39.33396 0.002
39.33883 0.004
39.34052 0.006
39.35953 0.003
39.37697 0.008
39.38354 0.002
39.38900 0.006
39.39443 0.001
39.43934 0.002
39.44767 0.013
39.46879 0.009
39.50850 0.004
39.52289 0.001
39.53072 0.001
39.53116 0.003
39.53214 0.008
39.54663 0.006
39.54953 0.005
39.55684 0.010
39.57386 0.002
39.59123 0.018
39.59897 0.010
39.60886 0.010
39.61055 0.002
39.65947 0.002
39.71568 0.003
39.71584 0.002
39.71788 0.002
39.72006 0.003
39.74496 0.004
39.75393 0.005
39.75754 0.002
39.77077 0.004
39.77675 0.001
39.81542 0.004
39.81730 0.003
39.81799 0.002
39.84276 0.006
39.85440 0.004
39.86876 0.003
39.87263 0.001
39.87433 0.003
39.88549 0.002
39.88699 0.002
39.89216 0.007
39.91607 0.001
39.93574 0.005
39.94191 0.003
39.96157 0.001
39.96540 0.003
39.96582 0.005
39.98716 0.002
40.00766 0.005
40.03184 0.004
40.03200 0.003
40.03342 0.003
40.04672 0.001
40.04691 0.005
40.07720 0.004
40.09061 0.004
40.09922 0.010
40.12695 0.005
40.14410 0.020
40.16836 0.008
40.17211 0.006
40.19212 0.001
40.20936 0.005
40.27019 0.007
40.27231 0.002
40.28499 0.001
40.28693 0.006
40.30255 0.002
40.32526 0.005
40.34840 0.008
40.36168 0.003
40.36330 0.018
40.37127 0.021
40.38154 0.001
40.42195 0.001
40.42877 0.002
40.44871 0.002
40.45173 0.002
40.45651 0.002
40.46928 0.001
40.47685 0.003
40.48103 0.002
40.49038 0.020
40.51854 0.001
40.52785 0.002
40.53518 0.009
40.54311 0.007
40.54558 0.007
40.55088 0.009
40.55314 0.005
40.59520 0.010
40.60521 0.009
40.61488 0.002
40.64349 0.003
40.67799 0.003
40.68779 0.006
40.69787 0.006
40.69956 0.003
40.71907 0.001
40.72448 0.008
40.72474 0.003
40.74369 0.001
40.75796 0.001
40.76108 0.002
40.76427 0.002
40.77121 0.004
40.78974 0.001
40.80303 0.004
40.81484 0.001
40.81804 0.003
40.82809 0.001
40.84504 0.004
40.84668 0.001
40.86397 0.013
40.95219 0.009
40.96298 0.006
40.98047 0.001
40.98556 0.002
40.99150 0.007
40.99238 0.004
40.99526 0.004
41.00188 0.008
41.02087 0.018
41.02246 0.002
41.04646 0.006
41.05295 0.001
41.06615 0.006
41.12155 0.002
41.12703 0.006
41.14139 0.001
41.15197 0.001
41.16151 0.003
41.16339 0.005
41.16519 0.015
41.16988 0.011
41.17324 0.002
41.18798 0.004
41.19101 0.003
41.19299 0.002
41.20612 0.002
41.24064 0.001
41.24863 0.004
41.26126 0.001
41.28970 0.003
41.31318 0.005
41.31369 0.003
41.36253 0.003
41.40457 0.004
41.40572 0.002
41.44011 0.002
41.44034 0.002
41.46081 0.002
41.50140 0.005
41.51472 0.001
41.53002 0.007
41.54046 0.005
41.54091 0.004
41.54891 0.003
41.55537 0.001
41.56318 0.004
41.58334 0.004
41.58412 0.003
41.59025 0.006
41.59374 0.002
41.60228 0.004
41.61509 0.003
41.62145 0.013
41.62186 0.004
41.64165 0.002
41.65280 0.002
41.65471 0.014
41.67207 0.006
41.67641 0.001
41.68313 0.007
41.68548 0.002
41.69296 0.008
41.74541 0.006
41.74809 0.003
41.76768 0.005
41.76775 0.002
41.77214 0.002
41.78193 0.006
41.79942 0.008
41.80593 0.003
41.80598 0.003
41.81449 0.007
41.82092 0.001
41.83285 0.003
41.83991 0.002
41.84157 0.002
41.84784 0.001
41.86169 0.009
41.87055 0.005
41.88094 0.003
41.89543 0.003
41.90511 0.003
41.91086 0.001
41.91748 0.001
41.92058 0.002
41.92555 0.005
41.93272 0.001
41.95464 0.008
41.95947 0.002
41.96781 0.013
41.99331 0.001
42.00343 0.003
42.02246 0.001
42.03296 0.005
42.05077 0.002
42.05878 0.002
42.07272 0.001
42.10611 0.001
42.11371 0.001
42.17564 0.002
42.18164 0.003
42.20304 0.003
42.20339 0.001
42.21443 0.004
42.23845 0.003
42.24502 0.006
42.24705 0.001
42.27315 0.002
42.29028 0.009
42.29238 0.002
42.30322 0.004
42.31912 0.002
42.32149 0.004
42.32159 0.005
42.34919 0.003
42.35836 0.001
42.36980 0.003
42.38983 0.003
42.40531 0.002
42.42309 0.002
42.42936 0.003
42.43004 0.001
42.44717 0.003
42.46372 0.001
42.48886 0.001
42.50022 0.002
42.51111 0.001
42.51412 0.003
42.51579 0.003
42.52034 0.002
42.52595 0.001
42.55037 0.002
42.56331 0.001
42.57057 0.001
42.57070 0.007
42.57712 0.012
42.57991 0.004
42.60380 0.001
42.65509 0.004
42.65709 0.009
42.67946 0.014
42.68609 0.001
42.70293 0.001
42.70489 0.001
42.70817 0.006
42.71198 0.002
42.71395 0.002
42.71695 0.002
42.72446 0.004
42.73097 0.002
42.73488 0.009
42.75139 0.001
42.75725 0.002
42.77538 0.006
42.77572 0.001
42.77849 0.013
42.80892 0.004
42.82972 0.005
42.83773 0.003
42.84759 0.001
42.85876 0.004
42.85894 0.006
42.86609 0.012
42.86775 0.001
42.88099 0.008
42.88549 0.003
42.90559 0.030
42.93497 0.001
42.94727 0.002
42.95616 0.001
42.96788 0.004
42.96902 0.014
42.97674 0.002
42.97928 0.002
42.98153 0.001
42.98179 0.003
43.00541 0.002
43.02823 0.005
43.02825 0.001
43.03144 0.001
43.06518 0.001
43.06542 0.003
43.07275 0.003
43.09653 0.003
43.10418 0.002
43.11115 0.001
43.11294 0.002
43.11906 0.002
43.14258 0.002
43.14891 0.008
43.16289 0.002
43.17416 0.004
43.19282 0.002
43.20135 0.003
43.21951 0.004
43.25995 0.001
43.26169 0.003
43.27075 0.004
43.28355 0.001
43.28434 0.004
43.30483 0.002
43.33614 0.010
43.34055 0.011
43.36265 0.001
43.38949 0.003
43.39056 0.004
43.41038 0.016
43.41226 0.002
43.41380 0.003
43.44085 0.003
43.44130 0.007
43.45286 0.023
43.45577 0.003
43.46185 0.001
43.51567 0.002
43.53128 0.013
43.54877 0.003
43.54941 0.005
43.56970 0.005
43.58326 0.001
43.59750 0.002
43.60341 0.003
43.60781 0.002
43.61897 0.005
43.62173 0.008
43.62865 0.003
43.66225 0.001
43.67412 0.004
43.67614 0.001
43.68241 0.003
43.68615 0.002
43.70023 0.005
43.72017 0.001
43.74053 0.002
43.74539 0.004
43.75581 0.003
43.76086 0.001
43.76691 0.001
43.77638 0.001
43.78144 0.006
43.78821 0.003
43.80431 0.002
43.80677 0.005
43.80754 0.002
43.80922 0.005
43.80972 0.002
43.81536 0.006
43.81572 0.002
43.82017 0.002
43.82068 0.007
43.82664 0.004
43.82688 0.028
43.82724 0.002
43.85450 0.001
43.86363 0.001
43.86810 0.002
43.86919 0.002
43.87735 0.003
43.91034 0.003
43.92857 0.003
43.94457 0.003
43.97504 0.006
43.97930 0.002
43.99186 0.002
44.01047 0.001
44.01368 0.001
44.05775 0.002
44.06817 0.003
44.08035 0.002
44.09585 0.001
44.10661 0.002
44.13048 0.007
44.13257 0.002
44.13998 0.001
44.14089 0.019
44.15011 0.005
44.15251 0.003
44.16274 0.013
44.17363 0.005
44.18464 0.003
44.19065 0.003
44.19569 0.003
44.19819 0.001
44.20217 0.013
44.20768 0.002
44.21512 0.002
44.22002 0.004
44.23111 0.015
44.23382 0.004
44.26136 0.004
44.28319 0.008
44.28495 0.001
44.29334 0.001
44.29511 0.002
44.30262 0.003
44.31256 0.002
44.31720 0.003
44.34814 0.004
44.37142 0.001
44.37789 0.003
44.37886 0.005
44.39183 0.006
44.39646 0.003
44.42703 0.001
44.42808 0.013
44.42894 0.003
44.42996 0.004
44.44473 0.001
44.44775 0.003
44.45558 0.005
44.46400 0.005
44.47660 0.006
44.50740 0.002
44.51212 0.001
44.52580 0.007
44.57558 0.003
44.59628 0.003
44.61344 0.002
44.63275 0.005
44.64498 0.002
44.64943 0.011
44.67052 0.002
44.67400 0.003
44.67799 0.003
44.73867 0.001
44.74283 0.003
44.75940 0.002
44.75970 0.005
44.76377 0.002
44.77535 0.011
44.77719 0.007
44.78359 0.003
44.78629 0.002
44.82301 0.008
44.84089 0.003
44.84589 0.009
44.85917 0.006
44.88411 0.012
44.88752 0.001
44.90915 0.002
44.91987 0.004
44.94022 0.002
44.94458 0.002
44.95664 0.005
44.95862 0.002
44.98166 0.005
44.99583 0.001
44.99818 0.003
45.00642 0.005
45.00771 0.009
45.01728 0.004
45.04549 0.002
45.04555 0.001
45.04936 0.001
45.05088 0.002
45.06025 0.001
45.07140 0.002
45.07470 0.001
45.08891 0.001
45.09295 0.002
45.09611 0.001
45.13011 0.007
45.13885 0.005
45.15453 0.001
45.16209 0.002
45.19121 0.007
45.20484 0.004
45.21596 0.003
45.22844 0.001
45.23868 0.001
45.24346 0.002
45.25068 0.005
45.25918 0.004
45.27193 0.003
45.28111 0.002
45.28755 0.002
45.29345 0.002
45.31375 0.003
45.32037 0.001
45.32208 0.001
45.34743 0.001
45.35191 0.005
45.35418 0.002
45.36728 0.001
45.38209 0.002
45.40424 0.003
45.41550 0.002
45.42862 0.001
45.43300 0.011
45.44293 0.003
45.44975 0.006
45.45678 0.003
45.45992 0.002
45.47706 0.002
45.49562 0.001
45.49677 0.003
45.50828 0.005
45.51322 0.001
45.52699 0.015
45.53779 0.002
45.54336 0.003
45.55072 0.009
45.55173 0.002
45.55816 0.003
45.57495 0.001
45.58435 0.001
45.58798 0.003
45.59091 0.005
45.59117 0.003
45.59719 0.009
45.65684 0.003
45.66277 0.004
45.66661 0.004
45.68019 0.002
45.70415 0.013
45.71550 0.002
45.72611 0.013
45.72986 0.006
45.73356 0.013
45.74054 0.001
45.75193 0.003
45.76481 0.002
45.78549 0.002
45.80265 0.003
45.81016 0.002
45.82327 0.002
45.83008 0.002
45.85309 0.013
45.85542 0.002
45.86148 0.004
45.86265 0.014
45.87252 0.001
45.89066 0.002
45.89645 0.004
45.89754 0.002
45.90512 0.004
45.90614 0.003
45.90999 0.004
45.91118 0.006
45.92643 0.002
45.92843 0.003
45.94979 0.002
45.96670 0.002
45.97977 0.001
45.99720 0.002
46.02417 0.005
46.02791 0.003
46.03366 0.003
46.03621 0.002
46.04514 0.006
46.05199 0.011
46.08187 0.001
46.10654 0.003
46.10922 0.008
46.13988 0.002
46.14814 0.003
46.15108 0.003
46.16477 0.002
46.17325 0.004
46.19001 0.001
46.19982 0.008
46.20042 0.002
46.20677 0.002
46.20870 0.001
46.21114 0.003
46.24188 0.010
46.25538 0.007
46.25550 0.001
46.25695 0.002
46.26087 0.014
46.26939 0.004
46.28154 0.003
46.30111 0.010
46.33649 0.002
46.34271 0.001
46.36088 0.001
46.36142 0.002
46.38513 0.005
46.41142 0.002
46.42273 0.002
46.46024 0.003
46.46244 0.003
46.46278 0.003
46.46630 0.004
46.46976 0.008
46.48569 0.002
46.48583 0.003
46.49492 0.005
46.50910 0.003
46.51475 0.002
46.52394 0.002
46.55536 0.001
46.58893 0.002
46.59097 0.001
46.59134 0.001
46.61713 0.005
46.63913 0.003
46.66561 0.002
46.67650 0.005
46.68690 0.001
46.70405 0.003
46.70430 0.003
46.72280 0.002
46.72541 0.004
46.72703 0.001
46.73316 0.002
46.75063 0.002
46.76653 0.001
46.77322 0.002
46.78115 0.002
46.79418 0.005
46.79620 0.001
46.79947 0.009
46.80788 0.013
46.81914 0.001
46.83555 0.005
46.86509 0.004
46.87907 0.003
46.88746 0.002
46.88972 0.005
46.90458 0.002
46.90764 0.003
46.91564 0.007
46.93518 0.003
46.93679 0.005
46.93877 0.001
46.94002 0.003
46.94310 0.002
46.94949 0.004
46.95285 0.002
46.96971 0.004
46.97990 0.006
46.98992 0.002
46.99025 0.008
46.99036 0.004
47.02964 0.001
47.06685 0.003
47.08000 0.002
47.09124 0.004
47.09268 0.002
47.09298 0.001
47.10331 0.003
47.12902 0.002
47.13066 0.005
47.16655 0.001
47.16973 0.005
47.17143 0.006
47.17451 0.003
47.17495 0.002
47.17825 0.011
47.18392 0.003
47.18476 0.001
47.18873 0.004
47.19910 0.003
47.22683 0.002
47.24046 0.003
47.24455 0.003
47.26055 0.002
47.28138 0.003
47.28674 0.001
47.29058 0.003
47.29462 0.001
47.30817 0.002
47.30851 0.011
47.32750 0.002
47.34472 0.001
47.35140 0.001
47.36709 0.002
47.36959 0.001
47.37803 0.001
47.39610 0.002
47.39785 0.002
47.40143 0.001
47.43873 0.002
47.48763 0.002
47.50976 0.002
47.52236 0.002
47.54290 0.003
47.54514 0.012
47.56401 0.004
47.57026 0.007
47.57767 0.003
47.59372 0.002
47.59434 0.003
47.60130 0.004
47.61406 0.003
47.62016 0.004
47.62885 0.004
47.64935 0.002
47.65320 0.002
47.66385 0.001
47.67172 0.002
47.69780 0.001
47.71216 0.004
47.72013 0.008
47.72311 0.001
47.72729 0.001
47.73370 0.002
47.75953 0.001
47.76079 0.002
47.77504 0.006
47.78186 0.005
47.78967 0.001
47.81890 0.002
47.81966 0.001
47.82250 0.006
47.83111 0.004
47.83363 0.002
47.83375 0.002
47.84270 0.001
47.85292 0.003
47.85848 0.002
47.86066 0.004
47.86348 0.003
47.87683 0.001
47.90377 0.001
47.90538 0.003
47.90856 0.005
47.91254 0.001
47.92051 0.004
47.98114 0.002
48.01237 0.003
48.02395 0.001
48.02687 0.002
48.04652 0.004
48.05190 0.003
48.05230 0.002
48.05734 0.001
48.08121 0.005
48.10068 0.001
48.12735 0.002
48.13134 0.001
48.15640 0.003
48.15803 0.002
48.16531 0.004
48.16866 0.002
48.18758 0.003
48.18964 0.001
48.19485 0.003
48.20155 0.004
48.23659 0.001
48.25103 0.003
48.25261 0.005
48.27571 0.007
48.28158 0.003
48.29062 0.004
48.32285 0.001
48.34340 0.003
48.34643 0.001
48.36051 0.002
48.36487 0.001
48.37460 0.002
48.37776 0.006
48.42747 0.006
48.43571 0.002
48.43643 0.003
48.44731 0.004
48.44983 0.005
48.45658 0.002
48.46833 0.001
48.48132 0.005
48.50630 0.002
48.50901 0.003
48.50946 0.009
48.51672 0.007
48.51823 0.003
48.51967 0.002
48.52800 0.003
48.58735 0.001
48.59736 0.003
48.60568 0.002
48.60670 0.001
48.61935 0.005
48.62207 0.002
48.63562 0.001
48.64647 0.001
48.65146 0.002
48.66020 0.003
48.66603 0.001
48.68919 0.002
48.71876 0.002
48.72140 0.002
48.72464 0.004
48.73077 0.002
48.73568 0.003
48.74257 0.004
48.75298 0.002
48.77978 0.004
48.78741 0.003
48.79380 0.001
48.80136 0.004
48.82027 0.004
48.82185 0.003
48.82239 0.001
48.82717 0.003
48.88290 0.002
48.91485 0.002
48.92374 0.005
48.93092 0.007
48.93547 0.001
48.97410 0.002
48.98316 0.002
49.00691 0.002
49.02196 0.003
49.03990 0.001
49.04787 0.001
49.05901 0.005
49.06748 0.001
49.07601 0.003
49.13319 0.001
49.15866 0.002
49.16919 0.001
49.18883 0.002
49.18947 0.002
49.19860 0.003
49.22097 0.002
49.22478 0.002
49.23470 0.002
49.27625 0.002
49.29313 0.006
49.29442 0.001
49.31563 0.003
49.34093 0.006
49.35077 0.003
49.36987 0.002
49.37003 0.002
49.37540 0.002
49.38985 0.001
49.39130 0.002
49.39389 0.001
49.39849 0.003
49.44025 0.001
49.44218 0.002
49.44668 0.004
49.46304 0.002
49.46499 0.002
49.46516 0.004
49.48624 0.009
49.50495 0.001
49.51693 0.002
49.52558 0.004
49.54249 0.001
49.56643 0.001
49.57600 0.002
49.59467 0.002
49.63323 0.002
49.63499 0.003
49.64098 0.002
49.67536 0.001
49.71956 0.001
49.73190 0.002
49.74526 0.003
49.74762 0.003
49.74827 0.001
49.74867 0.003
49.75104 0.001
49.75693 0.003
49.76020 0.001
49.77340 0.003
49.78625 0.001
49.79069 0.003
49.82693 0.001
49.84371 0.001
49.84881 0.002
49.84955 0.002
49.85045 0.002
49.85187 0.001
49.85580 0.004
49.86009 0.002
49.86564 0.005
49.87141 0.002
49.87273 0.001
49.87282 0.004
49.88323 0.001
49.89739 0.005
49.90931 0.002
49.92560 0.002
49.92975 0.004
49.95829 0.003
49.96517 0.002
49.98552 0.002
49.98726 0.003
50.02507 0.002
50.03340 0.001
50.06271 0.003
50.07355 0.001
50.07892 0.003
50.08065 0.003
50.08674 0.004
50.09918 0.002
50.10890 0.003
50.12546 0.001
50.15869 0.003
50.16787 0.001
50.16937 0.002
50.17381 0.002
50.19711 0.001
50.22676 0.004
50.24464 0.004
50.26316 0.004
50.27016 0.001
50.27466 0.002
50.28439 0.002
50.29789 0.001
50.31214 0.002
50.32216 0.003
50.33394 0.002
50.33601 0.007
50.33674 0.002
50.38718 0.002
50.38926 0.003
50.39293 0.003
50.40227 0.001
50.42380 0.003
50.43324 0.006
50.47787 0.008
50.49022 0.001
50.51778 0.002
50.54197 0.003
50.58407 0.002
50.58809 0.002
50.59254 0.004
50.62049 0.001
50.65560 0.001
50.65828 0.003
50.67007 0.002
50.67102 0.002
50.73820 0.003
50.74161 0.004
50.74865 0.003
50.75605 0.003
50.75855 0.002
50.77261 0.002
50.83639 0.003
50.84377 0.001
50.85923 0.003
50.87575 0.001
50.87800 0.001
50.88398 0.006
50.88834 0.002
50.92981 0.002
50.96730 0.003
50.99731 0.006
51.01446 0.003
51.02817 0.001
51.03454 0.002
51.06226 0.001
51.07509 0.004
51.08655 0.004
51.08987 0.003
51.12979 0.001
51.14297 0.001
51.15160 0.003
51.16732 0.001
51.17154 0.002
51.17610 0.001
51.19283 0.001
51.19306 0.002
51.20634 0.004
51.25134 0.002
51.27340 0.003
51.27767 0.004
51.29040 0.004
51.30286 0.003
51.30320 0.002
51.31560 0.002
51.33823 0.003
51.34400 0.002
51.34644 0.003
51.35103 0.004
51.35668 0.001
51.37086 0.001
51.38558 0.003
51.39891 0.002
51.42601 0.001
51.49735 0.006
51.52327 0.001
51.52346 0.002
51.53130 0.001
51.53720 0.002
51.55977 0.002
51.56080 0.003
51.58322 0.001
51.61191 0.002
51.61195 0.002
51.63058 0.002
51.64053 0.002
51.64107 0.002
51.66084 0.002
51.66675 0.004
51.66793 0.001
51.70626 0.002
51.70674 0.001
51.73494 0.009
51.74852 0.003
51.76756 0.001
51.77371 0.001
51.80392 0.002
51.81925 0.004
51.84875 0.003
51.85440 0.001
51.87470 0.001
51.88047 0.001
51.89258 0.003
51.89381 0.002
51.90382 0.001
51.90442 0.002
51.90978 0.002
51.91291 0.002
51.92279 0.001
51.92291 0.001
51.92549 0.004
51.93041 0.002
51.93268 0.003
51.93729 0.002
51.94189 0.005
51.95923 0.002
51.96198 0.002
51.96420 0.002
51.98104 0.002
52.04422 0.003
52.04489 0.002
52.08276 0.001
52.09273 0.002
52.09510 0.002
52.10925 0.002
52.13552 0.001
52.17312 0.001
52.19489 0.002
52.19934 0.001
52.20006 0.003
52.21057 0.003
52.21227 0.003
52.21357 0.002
52.21596 0.002
52.22575 0.001
52.25007 0.001
52.28638 0.001
52.29869 0.001
52.30950 0.001
52.31071 0.001
52.33204 0.002
52.33611 0.001
52.34435 0.001
52.35740 0.003
52.37438 0.003
52.39618 0.001
52.39857 0.002
52.41399 0.002
52.41799 0.002
52.43698 0.001
52.45676 0.002
52.46859 0.001
52.48439 0.003
52.50145 0.001
52.50268 0.001
52.51538 0.001
52.51830 0.002
52.52302 0.002
52.55243 0.001
52.55686 0.003
52.56636 0.005
52.59594 0.002
52.63041 0.001
52.63770 0.001
52.64829 0.003
52.65207 0.002
52.65985 0.001
52.66239 0.001
52.67498 0.002
52.68040 0.002
52.70660 0.003
52.72199 0.005
52.72325 0.001
52.72663 0.001
52.73764 0.003
52.73801 0.001
52.75154 0.001
52.75734 0.001
52.76908 0.006
52.77450 0.001
52.77732 0.002
52.79613 0.002
52.79691 0.002
52.81755 0.004
52.82382 0.002
52.82502 0.003
52.83068 0.001
52.83591 0.001
52.84952 0.003
52.87651 0.002
52.89332 0.001
52.90731 0.001
52.92976 0.002
52.93589 0.001
52.93918 0.002
52.95711 0.003
52.96601 0.004
52.98396 0.002
52.98817 0.003
52.99133 0.002
53.00596 0.003
53.01134 0.001
53.01243 0.002
53.01389 0.001
53.03935 0.002
53.05095 0.002
53.05345 0.005
53.09821 0.002
53.11958 0.002
53.12367 0.002
53.12802 0.004
53.13949 0.002
53.18696 0.002
53.19043 0.002
53.19400 0.001
53.20685 0.003
53.21926 0.006
53.25745 0.002
53.25918 0.001
53.26250 0.001
53.26827 0.002
53.27890 0.002
53.27922 0.002
53.29261 0.002
53.33868 0.001
53.34270 0.002
53.36355 0.001
53.36927 0.002
53.41143 0.002
53.42925 0.001
53.43926 0.001
53.47825 0.001
53.48509 0.002
53.48829 0.002
53.48894 0.002
53.50106 0.001
53.51467 0.001
53.51559 0.001
53.51955 0.003
53.52428 0.001
53.53708 0.003
53.54481 0.002
53.54677 0.002
53.59382 0.003
53.59645 0.002
53.59977 0.001
53.62192 0.002
53.65463 0.001
53.66821 0.003
53.67660 0.003
53.67761 0.001
53.69264 0.002
53.70605 0.001
53.73380 0.002
53.74569 0.001
53.82093 0.002
53.82614 0.001
53.86958 0.004
53.88208 0.002
53.91129 0.001
53.91414 0.002
53.97643 0.001
53.99124 0.001
53.99756 0.003
54.01338 0.002
54.02724 0.003
54.04947 0.002
54.05345 0.003
54.06045 0.004
54.07752 0.001
54.09253 0.002
54.14093 0.002
54.16407 0.001
54.16911 0.002
54.17177 0.001
54.18724 0.003
54.22593 0.004
54.22734 0.001
54.22998 0.002
54.24482 0.001
54.24738 0.001
54.25409 0.002
54.25731 0.001
54.27007 0.001
54.29048 0.001
54.30028 0.001
54.30922 0.001
54.33601 0.003
54.34916 0.002
54.35961 0.004
54.36573 0.003
54.37082 0.002
54.41642 0.001
54.41703 0.002
54.43578 0.001
54.43851 0.002
54.44120 0.003
54.55763 0.002
54.56867 0.002
54.56925 0.001
54.57621 0.001
54.58536 0.001
54.58950 0.002
54.59387 0.002
54.60986 0.002
54.61548 0.001
54.63287 0.003
54.63313 0.002
54.63511 0.004
54.64508 0.001
54.66549 0.002
54.66858 0.002
54.68688 0.001
54.70833 0.001
54.72028 0.002
54.72887 0.003
54.75017 0.002
54.76913 0.003
54.77356 0.002
54.78600 0.001
54.79945 0.001
54.89286 0.003
54.90436 0.002
54.90610 0.001
54.93465 0.002
54.96953 0.002
54.99529 0.003
55.04311 0.001
55.04496 0.002
55.08700 0.001
55.10908 0.002
55.11790 0.003
55.12424 0.002
55.12776 0.002
55.13317 0.001
55.13630 0.002
55.14833 0.002
55.16388 0.002
55.16865 0.002
55.16913 0.001
55.17219 0.001
55.19496 0.001
55.20349 0.002
55.22530 0.001
55.24166 0.001
55.27281 0.001
55.30239 0.001
55.30895 0.001
55.31791 0.002
55.32500 0.001
55.32895 0.002
55.33687 0.001
55.34417 0.001
55.34671 0.002
55.35751 0.001
55.37883 0.002
55.41034 0.003
55.44496 0.001
55.44758 0.002
55.45027 0.001
55.45049 0.002
55.45764 0.002
55.46173 0.001
55.50758 0.001
55.51780 0.001
55.54497 0.003
55.57699 0.001
55.61129 0.002
55.62736 0.001
55.63220 0.002
55.63861 0.002
55.64279 0.001
55.65178 0.001
55.66135 0.002
55.66643 0.002
55.69774 0.001
55.70774 0.001
55.72870 0.002
55.78295 0.001
55.78720 0.002
55.81465 0.001
55.81662 0.001
55.82319 0.001
55.82927 0.002
55.84311 0.002
55.85156 0.006
55.85942 0.003
55.94766 0.002
55.96632 0.002
55.97935 0.001
55.99122 0.001
55.99725 0.001
56.00491 0.002
56.00871 0.002
56.04098 0.001
56.05021 0.003
56.07793 0.002
56.08329 0.001
56.10799 0.001
56.11833 0.001
56.16941 0.002
56.18012 0.002
56.19369 0.003
56.20167 0.001
56.21850 0.002
56.23991 0.001
56.28470 0.001
56.29461 0.003
56.33215 0.001
56.34785 0.003
56.35456 0.001
56.36090 0.001
56.36469 0.003
56.37525 0.003
56.41610 0.001
56.45021 0.003
56.46714 0.001
56.50011 0.001
56.51841 0.002
56.54400 0.002
56.54474 0.001
56.56523 0.001
56.58052 0.003
56.59527 0.003
56.61234 0.001
56.62575 0.002
56.62839 0.001
56.64039 0.002
56.64220 0.001
56.65168 0.002
56.66037 0.001
56.67845 0.003
56.73878 0.003
56.74055 0.002
56.76147 0.001
56.87331 0.001
56.88109 0.001
56.88943 0.002
56.90855 0.001
56.91378 0.002
56.91933 0.002
56.93957 0.001
56.94122 0.003
56.94245 0.002
56.95415 0.001
56.96568 0.001
57.06402 0.001
57.08983 0.001
57.10162 0.001
57.10269 0.002
57.11728 0.002
57.12676 0.001
57.14395 0.002
57.22776 0.002
57.25830 0.001
57.27701 0.002
57.28390 0.002
57.29640 0.002
57.37996 0.001
57.39196 0.001
57.39406 0.001
57.40620 0.003
57.41755 0.001
57.42683 0.002
57.42949 0.001
57.44199 0.001
57.46526 0.002
57.51804 0.002
57.52045 0.002
57.53568 0.001
57.53604 0.001
57.53902 0.001
57.54953 0.001
57.56159 0.002
57.56628 0.001
57.57418 0.001
57.59254 0.002
57.59321 0.002
57.60908 0.001
57.61311 0.004
57.62027 0.002
57.62161 0.002
57.64157 0.002
57.66692 0.002
57.68131 0.002
57.68752 0.001
57.72099 0.001
57.74099 0.002
57.76196 0.002
57.77163 0.001
57.77395 0.002
57.83449 0.002
57.89665 0.001
57.89838 0.003
57.90610 0.001
57.95657 0.002
57.98369 0.002
57.98394 0.002
57.99447 0.001
58.00555 0.002
58.01072 0.001
58.04769 0.001
58.05103 0.001
58.05609 0.001
58.09564 0.002
58.10011 0.001
58.11256 0.001
58.13394 0.001
58.19825 0.002
58.20770 0.002
58.20836 0.001
58.25854 0.001
58.27692 0.002
58.28160 0.001
58.33870 0.002
58.34975 0.001
58.38097 0.002
58.39700 0.001
58.40062 0.001
58.41519 0.004
58.42679 0.001
58.43323 0.001
58.43357 0.002
58.46562 0.002
58.48392 0.003
58.50824 0.001
58.53625 0.001
58.65121 0.001
58.72019 0.002
58.73062 0.002
58.75575 0.001
58.81965 0.001
58.84046 0.001
58.85224 0.002
58.86272 0.002
58.88005 0.003
58.88792 0.001
58.90368 0.001
58.98918 0.002
58.99923 0.001
59.03872 0.001
59.04222 0.002
59.04681 0.001
59.05684 0.003
59.05985 0.001
59.09782 0.003
59.11580 0.001
59.12753 0.002
59.13618 0.001
59.16360 0.002
59.16912 0.001
59.19608 0.001
59.24128 0.002
59.24151 0.002
59.27822 0.003
59.30263 0.001
59.30596 0.001
59.33037 0.002
59.35117 0.001
59.35752 0.001
59.36232 0.001
59.36781 0.001
59.40463 0.004
59.40929 0.001
59.52406 0.001
59.53757 0.001
59.54808 0.001
59.54906 0.001
59.58445 0.001
59.58550 0.002
59.58845 0.003
59.59113 0.001
59.63867 0.003
59.64048 0.001
59.64341 0.001
59.67273 0.001
59.67993 0.001
59.70662 0.001
59.79333 0.001
59.85137 0.002
59.94714 0.001
59.94943 0.001
59.96460 0.001
59.99885 0.001
