6.78551 83.219
6.78564 99.982
6.78598 100.000
11.76653 2.605
11.76711 2.605
11.76735 4.621
13.59495 2.408
13.59523 5.850
13.59590 5.852
15.04799 3.810
15.04806 3.846
15.04808 1.014
15.04810 1.015
15.04822 1.013
15.04826 1.018
17.88030 0.752
17.88038 0.781
17.88068 0.750
17.88077 0.784
18.01620 0.155
18.01636 0.398
18.01684 0.155
18.01726 1.152
18.01739 0.398
18.01765 1.153
19.14439 2.053
19.14449 2.049
19.14462 0.654
19.14465 0.656
19.14509 0.657
19.14516 0.653
20.45305 0.005
20.45347 0.172
20.45449 0.172
22.52947 0.556
22.52957 0.598
22.52961 0.442
22.52969 0.453
22.52998 0.557
22.53010 0.595
22.53038 0.076
22.53043 0.439
22.53053 0.455
22.53067 0.037
22.53071 0.040
23.66113 0.053
24.53988 0.167
24.54000 0.195
24.54027 0.077
24.54031 0.082
24.54111 0.075
24.54119 0.085
24.64071 0.007
24.64165 0.040
24.64214 0.007
24.64241 0.040
27.01943 29.169
27.29462 0.030
27.29472 0.039
27.29565 0.029
27.29577 0.040
27.38612 0.002
27.38668 0.004
27.38807 0.004
27.88989 2.479
27.88995 3.002
27.88996 2.530
27.88997 3.008
27.89002 2.992
27.89007 3.022
28.15723 0.037
28.15735 0.037
28.15753 0.029
28.15760 0.033
28.15781 0.035
28.15794 0.038
28.15839 0.008
28.15840 0.007
28.15877 0.028
28.15888 0.034
28.15904 0.008
28.15910 0.007
29.56000 0.249
29.56009 0.268
29.56023 0.247
29.56034 0.270
29.56037 0.452
29.56040 0.471
29.89777 0.027
29.89793 0.003
29.89905 0.027
29.89961 0.003
29.89973 0.215
29.90013 0.215
30.36362 0.225
30.36376 0.225
30.36379 0.546
30.36384 0.550
30.36409 0.550
30.36418 0.544
30.61142 0.004
30.61155 0.006
30.61197 0.004
30.61202 0.004
30.61320 0.004
30.61329 0.005
31.47079 0.014
31.47147 0.015
31.47221 0.026
31.47336 0.026
32.66695 0.024
32.66706 0.065
32.66709 0.028
32.66716 0.069
32.66731 0.024
32.66747 0.028
32.66763 0.451
32.66777 0.069
32.66782 0.178
32.66788 0.209
32.89895 0.154
32.89906 0.143
32.89911 0.162
32.89920 0.165
32.90011 0.153
32.90025 0.144
32.90063 0.164
32.90076 0.163
32.90080 0.009
32.90081 0.009
32.90115 0.010
32.90119 0.009
34.12553 0.001
34.12567 0.033
34.12573 0.038
34.12628 0.031
34.12640 0.040
34.34858 0.026
34.34871 0.024
34.34904 0.036
34.34910 0.035
34.34921 0.026
34.34934 0.024
34.34995 0.016
34.34997 0.016
34.35071 0.038
34.35082 0.034
34.35098 0.016
34.35106 0.015
34.42310 0.019
34.42381 0.004
34.42557 0.004
35.81798 0.030
35.81981 0.030
35.82056 0.097
36.21674 0.014
36.21678 0.016
36.49812 0.131
36.49844 0.029
36.49946 0.131
36.50032 0.185
36.50058 0.029
36.50113 0.186
36.88964 0.002
36.88975 0.002
36.89034 0.014
36.89036 0.012
36.89061 0.002
36.89078 0.003
36.89083 0.014
36.89093 0.012
37.09852 0.009
37.09866 0.010
37.09923 0.021
37.09928 0.021
37.10086 0.020
37.10095 0.021
38.40918 0.052
38.40928 0.051
38.41089 0.052
38.41103 0.051
38.47668 0.499
38.47731 0.008
38.47738 0.499
38.47829 0.211
38.47954 0.008
38.47983 0.211
39.05057 0.085
39.05070 0.083
39.05090 0.160
39.05099 0.164
39.05182 0.084
39.05197 0.083
39.05272 0.079
39.05290 0.161
39.05302 0.164
39.05345 0.041
39.05350 0.039
40.73203 0.010
40.73217 0.001
40.73221 0.009
40.73232 0.001
40.73298 0.010
40.73321 0.009
40.73342 0.001
40.73361 0.071
40.73362 0.081
40.73389 0.081
40.73396 0.070
40.92433 0.118
40.92447 0.116
40.92496 0.507
40.92500 0.118
40.92503 0.511
40.92514 0.116
40.92592 0.351
40.92594 0.344
40.92706 0.509
40.92717 0.509
40.92735 0.351
40.92743 0.344
41.59678 1.446
41.59766 0.024
41.59981 0.024
41.63314 0.166
41.63319 0.045
41.63321 0.217
41.63324 0.044
41.63329 0.045
41.94728 0.007
41.94750 0.006
41.94780 0.007
41.94804 0.005
41.94849 0.011
41.94852 0.011
41.94934 0.012
41.94945 0.011
42.19727 0.080
42.19744 0.055
42.19922 0.080
42.19981 0.055
42.20019 0.096
42.20060 0.096
42.82736 0.059
42.82745 0.066
42.82752 0.058
42.82764 0.066
43.37891 0.048
43.37941 0.016
43.38030 0.048
43.38136 0.029
43.38201 0.016
43.38258 0.029
43.41451 0.118
43.41465 0.155
43.41470 0.038
43.41486 0.038
43.41495 0.037
43.90014 0.076
43.90029 0.075
43.90103 1.234
43.90108 1.233
43.90307 1.234
43.90317 1.231
44.29615 0.006
44.29639 0.007
44.29681 0.001
44.29689 0.001
44.29819 0.001
44.29836 0.001
44.47547 0.019
44.47559 0.019
44.47564 0.037
44.47574 0.039
44.47733 0.019
44.47748 0.019
44.47789 0.037
44.47803 0.038
44.47832 0.005
44.47833 0.005
44.47870 0.005
44.47874 0.005
45.13908 0.050
45.13918 0.042
45.13925 0.063
45.13929 0.045
45.13935 0.050
45.13954 0.062
45.13960 0.041
45.13963 0.007
45.13976 0.049
45.13983 0.004
45.43372 0.013
45.43391 0.012
45.43520 0.013
45.43544 0.012
45.43591 0.040
45.43596 0.040
45.60977 0.003
45.60991 0.003
45.61027 0.029
45.61036 0.030
45.61110 0.003
45.61125 0.003
45.61219 0.037
45.61276 0.029
45.61288 0.030
45.61333 0.019
45.61340 0.019
45.66861 0.020
45.66933 0.020
45.66940 0.003
45.67042 0.002
45.67207 0.003
45.67236 0.002
45.99427 0.058
45.99449 0.054
45.99458 0.012
45.99473 0.013
45.99536 0.057
45.99561 0.055
45.99621 0.159
45.99631 0.012
45.99653 0.012
45.99682 0.083
45.99692 0.076
46.26069 0.016
46.26090 0.025
46.26096 0.008
46.26103 0.010
46.26142 0.007
46.26156 0.011
47.64552 0.226
47.64576 0.219
47.64610 0.229
47.64623 0.004
47.64636 0.220
47.64698 0.096
47.64702 0.092
47.64795 0.004
47.64815 0.004
47.64822 0.096
47.64836 0.092
47.81621 0.015
47.81628 0.014
47.81721 0.014
47.81724 0.015
47.81876 0.014
47.81888 0.014
47.81906 0.014
47.81915 0.014
47.90468 0.004
47.90486 0.008
47.90530 0.003
47.90552 0.009
48.41066 0.013
48.41321 0.013
48.41425 0.014
48.44322 0.006
48.44344 0.010
48.44357 0.011
48.44383 0.007
48.44402 0.001
48.44404 0.001
48.44420 0.004
48.44440 0.008
48.44451 0.001
48.94555 0.305
48.94660 0.004
48.94918 0.004
50.30582 0.685
50.30608 0.682
50.30667 0.011
50.30675 0.011
50.30848 0.011
50.30866 0.011
50.82504 0.041
50.82520 0.026
50.82526 0.039
50.82539 0.029
50.82671 0.040
50.82697 0.040
50.82722 0.027
50.82747 0.029
50.82766 0.045
50.82769 0.051
50.82800 0.051
50.82807 0.046
50.98749 0.014
50.98764 0.014
50.98856 0.269
50.98861 0.270
50.99104 0.269
50.99114 0.271
51.58625 0.032
51.58637 0.030
51.58648 0.025
51.58656 0.032
51.58704 0.031
51.58732 0.026
51.58740 0.032
51.58760 0.002
51.58762 0.002
51.58766 0.031
51.58782 0.002
51.58791 0.002
51.85297 0.024
51.85321 0.024
51.85344 0.008
51.85360 0.008
51.85417 0.024
51.85444 0.025
51.85522 0.015
51.85523 0.014
51.85568 0.008
51.85591 0.008
51.85623 0.015
51.85635 0.014
52.60356 0.007
52.60384 0.006
52.60393 0.010
52.60400 0.007
52.60408 0.009
52.60430 0.005
52.60462 0.004
52.60466 0.004
52.60509 0.011
52.60531 0.013
52.60546 0.004
53.07680 0.015
53.07755 0.015
53.07777 0.006
53.08091 0.006
53.86700 0.011
53.86726 0.011
53.86763 0.011
53.86777 0.002
53.86789 0.001
53.86791 0.011
53.86871 0.001
53.86876 0.001
53.87009 0.002
53.87030 0.001
53.87038 0.001
53.87053 0.001
54.59826 0.002
54.59857 0.003
54.59886 0.005
54.59896 0.005
54.60002 0.005
54.60023 0.005
55.00827 0.004
55.00842 0.004
55.00900 0.003
55.00916 0.004
55.00926 0.011
55.00933 0.012
55.01030 0.017
55.01034 0.017
55.01230 0.011
55.01241 0.012
55.01260 0.017
55.01269 0.017
55.05915 0.004
55.05933 0.004
55.06187 0.004
55.06248 0.004
55.06315 0.004
55.06359 0.004
55.57687 0.012
55.57711 0.012
55.57814 0.012
55.57844 0.012
55.70805 1.993
56.06193 0.022
56.06220 0.058
56.06240 0.042
56.06286 0.021
56.06319 0.020
56.06365 0.020
56.06369 0.039
56.06398 0.041
56.06416 0.011
56.06429 0.009
56.19239 0.186
56.19244 0.227
56.19246 0.648
56.19253 0.230
56.31400 0.007
56.31421 0.009
56.31626 0.007
56.31653 0.009
56.31730 0.008
56.31736 0.009
56.51578 0.049
56.51702 0.010
56.52007 0.010
56.79539 0.163
56.79568 0.167
56.79643 0.002
56.79653 0.002
56.79872 0.002
56.79890 0.002
57.15301 0.027
57.15311 0.031
57.15314 0.026
57.15325 0.050
57.15327 0.084
57.50120 0.031
57.50152 0.029
57.50171 0.030
57.50174 0.129
57.50190 0.132
57.50205 0.029
57.50252 0.092
57.50258 0.086
57.50334 0.130
57.50359 0.092
57.50360 0.130
57.50378 0.086
57.62944 0.018
57.62957 0.042
57.62960 0.017
57.62963 0.043
57.62973 0.043
57.62984 0.042
58.37068 0.031
58.37084 0.032
58.37195 0.066
58.37200 0.066
58.37491 0.066
58.37502 0.067
59.04395 0.003
59.04403 0.007
59.04413 0.003
59.04416 0.011
59.04438 0.010
59.04442 0.044
59.04452 0.019
59.04456 0.008
59.04460 0.026
59.85062 0.022
59.85097 0.022
59.85141 0.358
59.85153 0.357
59.85301 0.358
59.85324 0.356
59.97573 0.003
59.97580 0.004
59.97610 0.003
59.97626 0.005
