6.78502 99.993
6.78509 100.000
6.78544 99.939
11.76563 17.443
11.76624 17.439
11.76637 17.439
13.59397 6.961
13.59412 6.957
13.59482 6.967
16.26759 41.421
16.26763 82.993
16.26766 41.456
16.26778 41.450
16.26780 41.504
18.01486 1.140
18.01494 1.141
18.01552 1.140
18.01576 1.141
18.01601 1.139
18.01616 1.139
18.92300 0.001
18.92306 0.001
20.12348 7.373
20.12356 7.385
20.12360 7.380
20.12365 7.379
20.12409 7.382
20.12412 7.372
20.45156 1.194
20.45179 1.194
20.45286 1.193
23.37266 1.669
23.37274 1.663
23.37275 1.661
23.37281 1.666
23.37318 1.662
23.37327 1.665
23.37340 1.667
23.37342 1.660
23.37358 1.662
23.37364 1.668
23.37372 3.330
23.65764 0.175
23.65887 0.174
23.65915 0.174
24.63856 0.047
24.63874 0.047
24.63926 0.047
24.63959 0.047
24.64023 0.047
24.64038 0.047
27.38410 0.015
27.38442 0.015
27.38586 0.015
28.84554 0.091
28.84564 0.092
28.84570 0.092
28.84578 0.091
28.84614 0.092
28.84623 0.091
28.84645 0.092
28.84649 0.091
28.84700 0.092
28.84706 0.091
28.84715 0.091
28.84717 0.092
29.78801 80.302
29.89548 0.215
29.89558 0.215
29.89681 0.215
29.89720 0.215
29.89731 0.214
29.89761 0.214
30.58603 2.225
30.58606 2.231
30.58608 4.453
30.58615 2.232
30.58617 2.219
31.25011 0.020
31.25021 0.020
31.25042 0.020
31.25048 0.020
31.25170 0.020
31.25174 0.020
31.46843 0.174
31.46869 0.174
31.46914 0.174
31.46956 0.175
31.47059 0.174
31.47075 0.174
32.12826 1.351
32.12834 1.352
32.12850 1.344
32.12857 1.358
32.12858 1.353
32.12859 1.350
32.87512 0.486
32.87521 0.486
32.87522 0.488
32.87527 0.486
32.87552 0.487
32.87556 0.487
33.49812 0.453
33.49821 0.452
33.49823 0.452
33.49830 0.452
33.49933 0.453
33.49942 0.452
33.49971 0.452
33.49973 0.453
33.49979 0.454
33.49987 0.452
33.50010 0.906
34.42053 0.032
34.42094 0.032
34.42276 0.032
35.03052 0.151
35.03058 0.150
35.03064 0.150
35.03068 0.152
35.03088 0.150
35.03100 0.151
35.03105 0.152
35.03109 0.149
35.03116 0.150
35.03125 0.151
35.03128 0.301
35.81517 0.366
35.81707 0.366
35.81750 0.366
36.40538 0.199
36.40551 0.194
36.40554 0.197
36.40563 0.196
36.40618 0.198
36.40624 0.195
36.49532 0.223
36.49551 0.223
36.49671 0.223
36.49720 0.222
36.49773 0.224
36.49804 0.224
37.63855 0.068
37.63866 0.067
37.63895 0.068
37.63901 0.068
37.64065 0.068
37.64069 0.067
38.38743 0.041
38.38757 0.041
38.38824 0.041
38.38836 0.041
38.38847 0.041
38.38848 0.041
38.47377 0.610
38.47412 0.610
38.47450 0.610
38.47502 0.610
38.47645 0.609
38.47661 0.608
39.02912 0.013
39.02926 0.013
39.02927 0.013
39.02937 0.013
39.02959 0.013
39.02973 0.013
39.02985 0.013
39.02991 0.013
39.03025 0.013
39.03034 0.013
39.03039 0.013
39.03041 0.013
39.56761 0.501
39.56772 0.502
39.56780 0.502
39.56789 0.500
39.56892 0.500
39.56902 0.501
39.56941 0.501
39.56944 0.501
39.56988 0.501
39.56995 0.501
39.57020 1.002
41.42165 1.394
41.42177 1.393
41.42200 1.393
41.42208 1.394
41.42234 1.393
41.42245 1.393
41.42286 1.393
41.42291 1.392
41.42420 1.396
41.42426 1.396
41.42437 1.396
41.42439 1.395
41.59363 5.837
41.59413 5.838
41.59637 5.835
42.19395 0.097
42.19405 0.097
42.19598 0.097
42.19651 0.097
42.19653 0.097
42.19696 0.097
42.70914 0.063
42.70921 0.063
42.70930 0.063
42.70936 0.063
42.71012 0.063
42.71027 0.063
42.71046 0.063
42.71050 0.127
42.71063 0.063
42.71078 0.126
43.37556 0.195
43.37584 0.195
43.37700 0.194
43.37760 0.194
43.37854 0.194
43.37886 0.194
43.87956 0.064
43.87973 0.063
43.87978 0.064
43.87991 0.064
43.88010 0.064
43.88027 0.064
43.88046 0.064
43.88054 0.064
43.88122 0.064
43.88132 0.064
43.88137 0.064
43.88141 0.064
44.94027 0.225
44.94037 0.225
44.94038 0.225
44.94047 0.225
44.94221 0.225
44.94230 0.225
44.94271 0.225
44.94277 0.225
44.94279 0.225
44.94280 0.225
44.94318 0.451
45.66510 0.018
45.66555 0.018
45.66585 0.018
45.66647 0.018
45.66832 0.018
45.66849 0.018
45.91674 1.519
45.91676 1.524
45.91679 3.052
45.91682 1.521
45.91684 1.526
46.14930 0.010
46.14948 0.010
46.14965 0.010
46.14977 0.010
46.15110 0.010
46.15118 0.010
47.25166 0.130
47.25183 0.130
47.25319 0.130
47.25334 0.130
47.25359 0.130
47.25361 0.130
47.56971 0.335
47.56978 0.336
47.56982 0.336
47.56985 0.336
47.57002 0.336
47.57006 0.335
47.79571 0.082
47.79587 0.082
47.79589 0.082
47.79603 0.082
47.79683 0.082
47.79700 0.082
47.79728 0.082
47.79734 0.082
47.79767 0.082
47.79780 0.082
47.79798 0.083
47.79799 0.082
48.25480 0.044
48.25491 0.044
48.25525 0.044
48.25533 0.044
48.25552 0.044
48.25563 0.044
48.25614 0.044
48.25619 0.044
48.25791 0.043
48.25797 0.044
48.25809 0.043
48.25812 0.044
48.40675 0.046
48.40940 0.046
48.40999 0.046
48.94178 0.304
48.94238 0.304
48.94506 0.303
49.18010 0.132
49.18015 0.130
49.18024 0.130
49.18026 0.131
49.18038 0.130
49.18050 0.131
49.18052 0.131
49.18056 0.130
49.18059 0.130
49.18069 0.263
49.18071 0.130
49.40078 0.235
49.40098 0.236
49.40110 0.236
49.40124 0.235
49.40139 0.235
49.40157 0.236
49.40186 0.236
49.40195 0.235
49.40302 0.235
49.40313 0.234
49.40319 0.235
49.40323 0.235
51.40629 0.751
51.40641 0.752
51.40689 0.751
51.40697 0.751
51.40950 0.752
51.40954 0.752
51.99410 2.416
51.99430 2.415
51.99456 2.416
51.99468 2.416
51.99646 2.415
51.99654 2.415
52.29014 0.012
52.29025 0.012
52.29032 0.012
52.29039 0.012
52.29051 0.012
52.29068 0.011
52.29073 0.012
52.29081 0.012
52.29105 0.012
52.29116 0.011
52.29117 0.011
52.29120 0.012
52.50109 0.042
52.50118 0.043
52.50129 0.043
52.50136 0.043
52.50282 0.042
52.50300 0.043
52.50328 0.043
52.50335 0.043
52.50339 0.043
52.50343 0.043
52.50373 0.085
53.07264 0.073
53.07320 0.073
53.07342 0.073
53.07414 0.073
53.07645 0.072
53.07662 0.072
53.50600 0.087
53.50620 0.087
53.50626 0.086
53.50643 0.087
53.50724 0.087
53.50743 0.087
53.50781 0.087
53.50789 0.086
53.50859 0.087
53.50872 0.087
53.50892 0.087
53.50894 0.086
55.05466 0.004
55.05476 0.004
55.05748 0.004
55.05804 0.004
55.05821 0.004
55.05866 0.004
55.27461 0.070
55.27468 0.070
55.27482 0.070
55.27486 0.070
55.27543 0.070
55.27561 0.069
55.27573 0.070
55.27575 0.070
55.27578 0.070
55.27590 0.069
55.27601 0.140
55.47804 0.009
55.47825 0.009
55.47846 0.009
55.47861 0.009
55.47869 0.009
55.47890 0.009
55.47928 0.009
55.47939 0.009
55.48089 0.009
55.48100 0.009
55.48106 0.009
55.48112 0.009
56.51132 0.082
56.51203 0.082
56.51520 0.082
57.33250 0.011
57.33260 0.011
57.33262 0.011
57.33271 0.012
57.33525 0.011
57.33536 0.011
57.33580 0.012
57.33589 0.011
57.33600 0.011
57.33603 0.011
57.33645 0.023
57.87900 0.026
57.87920 0.026
57.88135 0.026
57.88153 0.026
57.88195 0.026
57.88198 0.026
58.15528 0.016
58.15552 0.015
58.15560 0.015
58.15574 0.016
58.15684 0.016
58.15693 0.015
58.35218 0.147
58.35240 0.147
58.35275 0.147
58.35288 0.146
58.35515 0.147
58.35524 0.146
58.75220 0.209
58.75232 0.209
58.75291 0.209
58.75299 0.209
58.75602 0.209
58.75606 0.209
59.56148 0.101
59.56163 0.102
59.56172 0.102
59.56183 0.101
59.56245 0.102
59.56267 0.102
59.56286 0.102
59.56294 0.102
59.56318 0.102
59.56335 0.102
59.56347 0.102
59.56349 0.102
