6.79154 83.166
6.79737 99.989
6.79750 100.000
11.78043 2.608
11.78067 2.608
11.79079 4.580
13.60709 2.389
13.61880 5.790
13.61907 5.791
15.15710 3.722
15.15715 3.729
15.15974 1.005
15.15978 0.981
15.15981 1.003
15.15983 0.984
17.97954 0.754
17.97961 0.750
17.97970 0.754
17.97976 0.750
18.03467 0.152
18.03493 0.152
18.04135 0.396
18.04176 0.396
18.05273 1.118
18.05288 1.118
19.23739 1.978
19.23747 1.974
19.24577 0.638
19.24582 0.630
19.24597 0.638
19.24600 0.630
20.47142 0.005
20.48915 0.174
20.48956 0.174
22.61656 0.562
22.61665 0.546
22.61678 0.560
22.61685 0.547
22.62195 0.433
22.62202 0.433
22.62229 0.436
22.62234 0.431
22.63113 0.037
22.63116 0.037
22.63127 0.074
23.70878 0.041
24.62195 0.188
24.62204 0.178
24.63685 0.081
24.63691 0.080
24.63721 0.082
24.63724 0.079
24.67764 0.007
24.67821 0.007
24.68945 0.038
24.68976 0.038
27.26243 28.480
27.37969 0.030
27.37978 0.028
27.38011 0.030
27.38018 0.027
27.41093 0.002
27.43488 0.005
27.43543 0.005
28.12746 2.448
28.12752 2.426
28.12893 2.939
28.12897 5.879
28.12899 2.925
28.23710 0.035
28.23720 0.036
28.23734 0.036
28.23743 0.035
28.24876 0.030
28.24884 0.029
28.24927 0.030
28.24933 0.029
28.25920 0.007
28.25925 0.007
28.25949 0.015
29.78963 0.263
29.78972 0.244
29.78974 0.266
29.78981 0.241
29.79393 0.441
29.79394 0.451
29.93064 0.027
29.93115 0.027
29.93755 0.003
29.93822 0.003
29.96015 0.221
29.96030 0.221
30.58783 0.209
30.58793 0.227
30.59326 0.527
30.59333 0.533
30.59340 0.522
30.59344 0.538
30.68819 0.007
30.68829 0.006
30.70981 0.005
30.70988 0.005
30.71032 0.006
30.71036 0.005
31.50095 0.014
31.50122 0.014
31.53286 0.027
31.53332 0.027
32.88229 0.025
32.88241 0.025
32.88244 0.025
32.88255 0.025
32.88610 0.067
32.88621 0.063
32.88635 0.067
32.88643 0.063
32.89263 0.183
32.89267 0.185
32.89274 0.369
32.98007 0.148
32.98017 0.152
32.98054 0.149
32.98063 0.151
32.98640 0.168
32.98650 0.167
32.98703 0.167
32.98710 0.169
33.00715 0.009
33.00718 0.009
33.00731 0.019
34.33385 0.001
34.34487 0.035
34.34496 0.035
34.34514 0.037
34.34519 0.034
34.42555 0.025
34.42566 0.026
34.42581 0.025
34.42590 0.026
34.44384 0.035
34.44393 0.035
34.44453 0.034
34.44458 0.036
34.45464 0.020
34.45508 0.015
34.45513 0.016
34.45552 0.015
34.45553 0.016
34.48509 0.004
34.48579 0.004
35.86160 0.030
35.86233 0.030
35.89408 0.098
36.43618 0.011
36.43621 0.012
36.53654 0.127
36.53707 0.127
36.55043 0.029
36.55128 0.029
36.57410 0.186
36.57442 0.186
37.09945 0.002
37.09958 0.002
37.09987 0.002
37.09995 0.002
37.10766 0.012
37.10773 0.013
37.10790 0.012
37.10791 0.013
37.17399 0.011
37.17409 0.012
37.20251 0.021
37.20258 0.021
37.20318 0.021
37.20322 0.021
38.49481 0.053
38.49492 0.053
38.49551 0.052
38.49559 0.053
38.51350 0.493
38.51378 0.493
38.54005 0.008
38.54094 0.008
38.55250 0.214
38.55311 0.214
39.13079 0.082
39.13090 0.083
39.13130 0.082
39.13139 0.083
39.14390 0.166
39.14399 0.165
39.14472 0.166
39.14478 0.165
39.16626 0.040
39.16630 0.039
39.16658 0.079
40.92665 0.009
40.92682 0.010
40.92705 0.009
40.92720 0.009
40.93192 0.001
40.93245 0.001
40.94919 0.075
40.94924 0.078
40.94933 0.079
40.94934 0.074
41.00157 0.117
41.00168 0.118
41.00184 0.117
41.00194 0.118
41.02679 0.514
41.02687 0.512
41.02765 0.513
41.02770 0.513
41.03862 0.344
41.03867 0.347
41.03922 0.344
41.03923 0.348
41.63546 1.453
41.67279 0.025
41.67365 0.025
42.00826 0.163
42.00831 0.163
42.00930 0.045
42.00933 0.088
42.00935 0.043
42.13635 0.006
42.13653 0.006
42.13657 0.006
42.13673 0.006
42.16126 0.011
42.16135 0.011
42.16164 0.011
42.16167 0.011
42.24600 0.077
42.24678 0.077
42.25318 0.055
42.25412 0.055
42.28777 0.093
42.28793 0.093
43.19714 0.060
43.19722 0.060
43.19723 0.059
43.19729 0.059
43.42368 0.050
43.42424 0.049
43.44474 0.016
43.44577 0.016
43.46934 0.028
43.46982 0.028
43.78034 0.112
43.78045 0.111
43.78435 0.037
43.78442 0.035
43.78446 0.037
43.78449 0.035
43.97712 0.080
43.97723 0.082
44.01286 1.225
44.01293 1.225
44.01370 1.224
44.01374 1.225
44.48015 0.007
44.48033 0.007
44.50477 0.002
44.50489 0.002
44.50536 0.001
44.50542 0.002
44.56171 0.018
44.56181 0.019
44.56246 0.019
44.56255 0.019
44.56858 0.039
44.56869 0.038
44.56950 0.038
44.56958 0.038
44.60177 0.005
44.60180 0.005
44.60193 0.005
44.60195 0.005
45.49791 0.055
45.49803 0.055
45.49805 0.051
45.49815 0.051
45.50082 0.041
45.50094 0.042
45.50101 0.042
45.50110 0.041
45.50579 0.004
45.50585 0.004
45.50589 0.007
45.62485 0.012
45.62503 0.012
45.62547 0.012
45.62561 0.012
45.65155 0.040
45.65158 0.040
45.69156 0.003
45.69167 0.003
45.69209 0.003
45.69219 0.003
45.71179 0.030
45.71188 0.029
45.71263 0.021
45.71280 0.030
45.71286 0.029
45.71292 0.021
45.73545 0.018
45.73549 0.019
45.73593 0.037
45.74632 0.002
45.74738 0.002
45.75912 0.002
45.75989 0.002
46.17990 0.054
46.18009 0.054
46.18035 0.054
46.18052 0.054
46.19137 0.013
46.19154 0.012
46.19210 0.012
46.19222 0.012
46.21096 0.078
46.21103 0.080
46.21126 0.158
46.61377 0.022
46.61393 0.018
46.62233 0.009
46.62244 0.009
46.62256 0.009
46.62261 0.008
47.82629 0.216
47.82649 0.219
47.82653 0.217
47.82672 0.218
47.84863 0.004
47.84878 0.004
47.84941 0.004
47.84950 0.004
47.85911 0.094
47.85922 0.094
47.85966 0.094
47.85969 0.094
47.92781 0.013
47.92789 0.013
47.92885 0.013
47.92890 0.013
47.94016 0.013
47.94023 0.013
47.94093 0.013
47.94095 0.013
48.25513 0.005
48.25530 0.004
48.25540 0.005
48.25554 0.004
48.47134 0.011
48.47235 0.011
48.51653 0.011
48.78901 0.006
48.78917 0.006
48.78920 0.006
48.78934 0.006
48.79636 0.005
48.79651 0.005
48.79670 0.005
48.79680 0.005
48.80295 0.001
48.80304 0.001
48.80315 0.001
48.80317 0.001
48.99190 0.303
49.03664 0.004
49.03767 0.004
50.48307 0.680
50.48327 0.679
50.51526 0.012
50.51539 0.012
50.51603 0.012
50.51610 0.012
51.01004 0.038
51.01024 0.038
51.01073 0.038
51.01089 0.038
51.01625 0.028
51.01644 0.027
51.01709 0.027
51.01723 0.027
51.04624 0.045
51.04630 0.047
51.04640 0.047
51.04643 0.045
51.06813 0.012
51.06824 0.012
51.11155 0.268
51.11162 0.268
51.11256 0.269
51.11260 0.268
51.92470 0.027
51.92491 0.029
51.92504 0.028
51.92522 0.029
51.92909 0.032
51.92928 0.031
51.92954 0.031
51.92968 0.032
51.94348 0.002
51.94355 0.002
51.94361 0.002
51.94362 0.002
52.03283 0.025
52.03304 0.025
52.03333 0.025
52.03351 0.024
52.05121 0.008
52.05138 0.008
52.05214 0.008
52.05226 0.008
52.07270 0.014
52.07279 0.014
52.07317 0.028
52.93662 0.006
52.93680 0.006
52.93684 0.007
52.93701 0.007
52.94960 0.009
52.94977 0.009
52.95011 0.008
52.95022 0.010
52.95758 0.004
52.95769 0.004
52.95792 0.003
52.95795 0.004
53.12872 0.016
53.12901 0.016
53.17006 0.006
53.17131 0.006
54.04308 0.012
54.04329 0.011
54.04334 0.012
54.04354 0.011
54.07290 0.001
54.07306 0.001
54.07388 0.001
54.07397 0.001
54.08424 0.001
54.08436 0.001
54.08497 0.001
54.08501 0.001
54.92550 0.003
54.92573 0.003
54.94659 0.005
54.94675 0.005
54.94711 0.005
54.94719 0.005
55.09275 0.003
55.09287 0.004
55.09304 0.003
55.09316 0.004
55.12595 0.005
55.12703 0.005
55.13310 0.011
55.13318 0.011
55.13351 0.005
55.13433 0.011
55.13438 0.011
55.13476 0.005
55.14599 0.016
55.14606 0.016
55.14694 0.016
55.14697 0.016
55.18162 0.005
55.18179 0.005
55.90953 0.012
55.90976 0.012
55.91007 0.012
55.91026 0.012
56.24304 1.928
56.38950 0.020
56.38974 0.021
56.38990 0.020
56.39011 0.020
56.39945 0.041
56.39966 0.040
56.40009 0.041
56.40024 0.040
56.41643 0.010
56.41653 0.009
56.41671 0.019
56.50158 0.007
56.50179 0.007
56.50252 0.007
56.50268 0.006
56.54224 0.007
56.54228 0.007
56.57052 0.049
56.62335 0.010
56.62457 0.010
56.72523 0.184
56.72530 0.181
56.72607 0.221
56.72610 0.222
56.72611 0.438
56.96953 0.163
56.96974 0.161
57.00983 0.002
57.00998 0.002
57.01080 0.002
57.01087 0.002
57.68259 0.029
57.68266 0.030
57.68269 0.026
57.68274 0.025
57.68513 0.048
57.68515 0.050
57.82355 0.029
57.82376 0.029
57.82380 0.030
57.82400 0.030
57.84312 0.130
57.84331 0.128
57.84381 0.129
57.84393 0.129
57.85231 0.086
57.85244 0.088
57.85280 0.086
57.85285 0.088
58.15629 0.015
58.15641 0.018
58.15955 0.041
58.15963 0.041
58.15965 0.040
58.15969 0.042
58.45685 0.030
58.45697 0.029
58.50861 0.066
58.50869 0.066
58.50982 0.066
58.50986 0.066
59.56625 0.003
59.56635 0.003
59.56641 0.003
59.56649 0.003
59.56866 0.008
59.56879 0.007
59.56882 0.008
59.56892 0.007
59.57278 0.021
59.57284 0.021
59.57287 0.042
