6.79417 100.000
6.79446 99.795
6.79453 99.760
11.78183 4.327
11.78195 4.326
11.78244 4.330
13.61237 6.971
13.61295 6.938
13.61309 6.933
18.03963 1.133
18.03977 1.133
18.03996 1.126
18.04017 1.125
18.04063 1.130
18.04072 1.129
20.47942 0.294
20.48028 0.295
20.48050 0.294
23.69056 0.041
23.69081 0.041
23.69181 0.041
24.67259 0.046
24.67273 0.046
24.67323 0.046
24.67354 0.046
24.67394 0.046
24.67410 0.046
25.56365 32.849
26.48017 3.607
26.48040 3.593
26.48072 3.552
26.48102 3.527
26.48130 3.489
26.48138 3.490
27.42173 0.014
27.42290 0.015
27.42319 0.015
28.23109 0.585
28.23143 0.545
28.23206 0.519
28.23264 0.465
28.23285 0.440
28.23308 0.406
29.07008 0.688
29.07063 0.702
29.07126 0.749
29.07181 0.771
29.07229 1.662
29.93731 0.220
29.93758 0.220
29.93765 0.219
29.93800 0.219
29.93899 0.219
29.93908 0.219
31.46470 0.234
31.46502 0.234
31.46504 0.227
31.46567 0.222
31.46606 0.229
31.46663 0.211
31.46689 0.221
31.46720 0.208
31.46735 0.408
31.46753 0.199
31.46759 0.197
31.51224 0.044
31.51239 0.044
31.51320 0.045
31.51359 0.045
31.51393 0.044
31.51417 0.045
32.97391 0.087
32.97483 0.087
32.97572 0.074
32.97645 0.063
32.97687 0.052
32.97706 0.052
34.46837 0.031
34.46986 0.033
34.47023 0.033
35.12968 0.017
35.13033 0.016
35.13172 0.014
35.13266 0.022
35.13295 0.009
35.82270 0.016
35.82303 0.015
35.82338 0.017
35.82429 0.019
35.82446 0.015
35.82549 0.033
35.82589 0.014
35.82601 0.018
35.82614 0.018
35.82630 0.018
35.82637 0.016
35.86596 0.092
35.86635 0.092
35.86790 0.092
36.54685 0.224
36.54714 0.224
36.54753 0.221
36.54798 0.221
36.54894 0.222
36.54911 0.221
37.83635 0.005
37.83766 0.004
37.83876 0.002
38.52797 0.611
38.52812 0.610
38.52927 0.608
38.52974 0.608
38.53001 0.608
38.53033 0.608
39.76275 0.076
39.76311 0.080
39.76338 0.073
39.76403 0.088
39.76521 0.074
39.76570 0.091
39.76632 0.097
39.76633 0.157
39.76653 0.094
39.76669 0.183
41.00457 0.015
41.00489 0.015
41.00564 0.016
41.00673 0.016
41.00677 0.019
41.00795 0.020
41.00815 0.021
41.00837 0.026
41.00840 0.022
41.00846 0.026
41.00892 0.026
41.00899 0.026
41.65230 1.450
41.65412 1.458
41.65458 1.459
42.25446 0.095
42.25481 0.093
42.25487 0.095
42.25531 0.093
42.25687 0.094
42.25696 0.094
43.40050 0.012
43.40221 0.012
43.40350 0.013
43.40441 0.012
43.40447 0.013
43.40515 0.013
43.43761 0.048
43.43790 0.048
43.43863 0.049
43.43919 0.049
43.44010 0.048
43.44036 0.049
44.55960 0.040
44.56050 0.040
44.56265 0.041
44.56337 0.042
44.56362 0.043
44.56381 0.042
45.12985 0.103
45.13047 0.101
45.13061 0.105
45.13175 0.106
45.13274 0.100
45.13364 0.106
45.13387 0.107
45.13402 0.203
45.13403 0.099
45.13440 0.100
45.13464 0.105
45.73045 0.017
45.73060 0.017
45.73209 0.018
45.73265 0.018
45.73285 0.018
45.73326 0.018
46.80861 0.290
46.80892 0.286
46.81008 0.291
46.81117 0.284
46.81141 0.296
46.81256 0.285
46.81278 0.300
46.81284 0.296
46.81292 0.299
46.81306 0.288
46.81358 0.292
46.81376 0.301
48.47741 0.011
48.47795 0.011
48.48010 0.011
49.01208 0.304
49.01426 0.302
49.01481 0.302
49.50917 0.734
49.51129 0.736
49.51275 0.737
49.51340 0.734
49.51380 0.740
49.51447 0.740
50.03634 0.051
50.03674 0.053
50.03724 0.047
50.03788 0.055
50.03986 0.046
50.04028 0.056
50.04056 0.054
50.04068 0.045
50.04072 0.050
50.04094 0.047
50.04117 0.045
50.04144 0.054
51.07810 0.028
51.07871 0.026
51.07926 0.029
51.08062 0.029
51.08142 0.025
51.08250 0.025
51.08259 0.024
51.08268 0.029
51.08286 0.023
51.08287 0.023
51.08324 0.024
51.08367 0.027
52.52422 2.393
53.02885 0.297
53.02905 0.296
53.02940 0.289
53.02974 0.284
53.03007 0.278
53.03019 0.277
53.11771 0.010
53.11802 0.010
53.11960 0.011
53.12070 0.011
53.12112 0.010
53.12221 0.010
53.12224 0.010
53.12225 0.011
53.12275 0.011
53.12279 0.011
53.12330 0.011
53.12356 0.010
53.15010 0.017
53.15026 0.017
53.15212 0.018
53.15278 0.018
53.15291 0.018
53.15341 0.018
54.02908 0.079
54.02945 0.070
54.03006 0.064
54.03073 0.053
54.03110 0.047
54.03140 0.041
54.52449 0.051
54.52498 0.054
54.52569 0.062
54.52634 0.066
54.52697 0.074
54.52713 0.078
55.13645 0.005
55.13682 0.005
55.13702 0.005
55.13748 0.005
55.13969 0.005
55.13978 0.005
55.59392 0.008
55.59506 0.008
55.59798 0.008
55.59831 0.006
55.59848 0.006
55.59930 0.007
55.99299 0.031
55.99328 0.031
55.99337 0.029
55.99401 0.028
55.99434 0.030
55.99501 0.025
55.99535 0.028
55.99595 0.025
55.99596 0.023
55.99628 0.023
55.99652 0.022
55.99656 0.022
56.07970 0.177
56.08224 0.175
56.08389 0.174
56.08423 0.171
56.08501 0.172
56.08565 0.171
56.59435 0.082
56.59692 0.081
56.59757 0.080
56.95811 0.014
56.95895 0.013
56.96001 0.010
56.96096 0.007
56.96184 0.004
56.96196 0.004
58.38643 0.004
58.38719 0.003
58.38860 0.003
58.38987 0.002
58.39033 0.001
58.39085 0.001
58.85745 0.002
58.85784 0.002
58.85807 0.002
58.85917 0.003
58.85920 0.002
58.86053 0.003
58.86055 0.001
58.86136 0.001
58.86172 0.003
58.86191 0.003
58.86216 0.005
59.87663 0.013
59.87694 0.012
59.87896 0.013
59.88008 0.011
59.88067 0.013
59.88143 0.011
59.88145 0.010
59.88180 0.010
59.88237 0.010
59.88241 0.013
59.88285 0.010
59.88319 0.012
