6.78538 100.000
6.78573 99.996
6.78600 63.902
11.76648 4.969
11.76694 1.096
11.76754 1.095
13.59471 4.518
13.59541 4.517
13.59594 0.117
15.04777 4.801
15.04792 2.401
15.04794 2.402
15.04804 8.382
15.04807 8.347
17.88043 1.484
17.88046 1.475
17.88083 1.488
17.88087 1.470
18.01601 1.150
18.01641 1.150
18.01652 0.020
18.01722 0.075
18.01758 0.020
18.01789 0.075
19.14410 2.888
19.14459 1.439
19.14463 1.450
19.14497 3.173
19.14502 3.193
20.45268 0.071
20.45374 0.071
20.45455 0.111
22.52923 0.183
22.52954 0.092
22.52957 0.091
22.52963 0.709
22.52966 0.708
22.53019 0.667
22.53024 0.667
22.53048 0.709
22.53053 0.708
22.53072 0.668
22.53078 0.666
23.65936 0.056
23.66030 0.019
23.66153 0.019
24.53950 0.155
24.53951 0.154
24.54037 0.156
24.54042 0.154
24.54105 0.137
24.54111 0.135
24.64007 0.031
24.64060 0.003
24.64086 0.031
24.64199 0.039
24.64208 0.003
24.64268 0.039
27.01899 31.391
27.29527 0.027
27.29531 0.027
27.29634 0.027
27.29640 0.027
27.38814 0.013
27.88945 6.013
27.88953 3.007
27.88956 3.007
27.88960 1.921
27.88963 1.929
28.15689 0.035
28.15734 0.038
28.15737 0.038
28.15757 0.017
28.15760 0.017
28.15856 0.013
28.15861 0.013
28.15863 0.038
28.15869 0.038
28.15916 0.013
28.15923 0.013
29.55960 0.495
29.55962 0.492
29.55978 0.108
29.55982 0.109
29.56002 0.109
29.56008 0.109
29.89752 0.215
29.89793 0.215
29.89853 0.162
29.89926 0.230
29.90026 0.162
29.90058 0.230
30.36317 0.424
30.36318 0.422
30.36347 0.420
30.36352 0.425
30.36372 0.011
30.36378 0.011
30.61093 0.006
30.61094 0.006
30.61220 0.007
30.61225 0.006
31.47032 0.011
31.47086 0.016
31.47150 0.011
31.47275 0.016
31.47294 0.049
31.47365 0.049
32.66653 0.192
32.66654 0.193
32.66674 0.193
32.66679 0.193
32.66681 0.003
32.66685 0.003
32.66720 0.013
32.66726 0.013
32.66740 0.003
32.66748 0.003
32.66757 0.013
32.66765 0.012
32.89868 0.023
32.89869 0.023
32.89905 0.023
32.89908 0.023
32.89959 0.058
32.89963 0.058
32.90025 0.011
32.90030 0.011
32.90117 0.058
32.90123 0.058
32.90146 0.011
32.90152 0.011
34.12484 0.015
34.12485 0.015
34.12547 0.015
34.12554 0.015
34.12597 0.023
34.12605 0.023
34.34812 0.060
34.34861 0.025
34.34863 0.025
34.34919 0.030
34.34923 0.030
34.35034 0.025
34.35040 0.025
34.42246 0.002
34.42428 0.002
34.42567 0.029
35.81782 0.104
35.81927 0.103
35.82117 0.103
36.21519 0.016
36.21522 0.016
36.21582 0.005
36.21588 0.005
36.21663 0.005
36.21673 0.005
36.49772 0.144
36.49855 0.144
36.49878 0.241
36.50024 0.197
36.50099 0.241
36.50162 0.197
36.88891 0.020
36.88943 0.010
36.88949 0.010
36.89021 0.012
36.89029 0.013
36.89068 0.012
36.89078 0.013
37.09790 0.023
37.09791 0.023
37.09958 0.023
37.09964 0.023
37.10088 0.006
37.10095 0.006
38.47607 0.011
38.47662 0.472
38.47766 0.011
38.47894 0.472
38.47943 0.305
38.48015 0.305
39.05017 0.088
39.05018 0.088
39.05094 0.088
39.05098 0.088
39.05116 0.012
39.05119 0.012
39.05253 0.043
39.05258 0.043
39.05323 0.012
39.05330 0.012
39.05383 0.043
39.05390 0.043
40.73161 0.076
40.73163 0.075
40.73191 0.075
40.73196 0.076
40.73236 0.057
40.73242 0.057
40.73290 0.080
40.73299 0.081
40.73366 0.057
40.73377 0.057
40.73390 0.080
40.73401 0.081
40.92374 1.095
40.92426 0.179
40.92428 0.179
40.92522 0.548
40.92527 0.548
40.92644 0.179
40.92650 0.179
40.92690 0.307
40.92696 0.307
40.92758 0.307
40.92766 0.307
41.59600 0.533
41.59823 0.533
41.59993 0.210
41.63246 0.212
41.63251 0.106
41.63254 0.106
41.63256 0.371
41.63259 0.367
41.94672 0.009
41.94712 0.007
41.94716 0.007
41.94760 0.005
41.94767 0.005
41.94857 0.007
41.94867 0.007
41.94872 0.021
41.94882 0.021
41.94927 0.021
41.94938 0.021
42.19696 0.096
42.19739 0.096
42.19850 0.087
42.19926 0.049
42.20095 0.087
42.20128 0.049
42.82684 0.121
42.82688 0.119
42.82701 0.122
42.82707 0.118
43.37836 0.011
43.37946 0.054
43.37962 0.011
43.38168 0.007
43.38215 0.054
43.38312 0.007
43.41382 0.083
43.41384 0.084
43.41404 0.082
43.41410 0.084
43.41422 0.181
43.41429 0.185
43.89938 0.908
43.89940 0.909
43.90150 0.907
43.90155 0.907
43.90313 1.184
43.90320 1.184
44.29801 0.010
44.29812 0.010
44.47515 0.012
44.47517 0.011
44.47555 0.012
44.47558 0.012
44.47662 0.019
44.47666 0.019
44.47734 0.051
44.47739 0.051
44.47895 0.019
44.47902 0.019
44.47927 0.051
44.47934 0.051
45.13843 0.009
45.13844 0.009
45.13859 0.009
45.13864 0.078
45.13868 0.069
45.13893 0.065
45.13900 0.065
45.13908 0.069
45.13917 0.069
45.13921 0.065
45.13930 0.065
45.43338 0.043
45.43342 0.043
45.43455 0.043
45.43463 0.043
45.43609 0.042
45.43621 0.043
45.60923 0.071
45.61043 0.035
45.61047 0.035
45.61240 0.042
45.61246 0.042
45.61377 0.042
45.61385 0.042
45.66785 0.002
45.66842 0.019
45.66986 0.002
45.67118 0.019
45.99376 0.061
45.99378 0.061
45.99442 0.061
45.99449 0.061
45.99461 0.103
45.99468 0.103
45.99581 0.084
45.99590 0.084
45.99642 0.103
45.99653 0.103
45.99694 0.084
45.99706 0.084
46.25997 0.017
46.25999 0.017
46.26046 0.018
46.26053 0.017
46.26084 0.015
46.26094 0.015
47.64485 0.010
47.64530 0.210
47.64534 0.210
47.64614 0.005
47.64623 0.005
47.64721 0.210
47.64732 0.210
47.64762 0.136
47.64773 0.136
47.64823 0.136
47.64835 0.136
47.81467 0.031
47.81659 0.015
47.81664 0.015
47.81862 0.020
47.81869 0.020
47.81934 0.020
47.81942 0.020
47.90457 0.004
47.90464 0.004
47.90521 0.004
47.90533 0.004
48.41044 0.014
48.41246 0.002
48.41510 0.002
48.44253 0.006
48.44281 0.006
48.44286 0.006
48.44294 0.003
48.44301 0.003
48.44356 0.002
48.44360 0.006
48.44366 0.002
48.44371 0.006
48.44393 0.002
48.44405 0.002
48.94461 0.233
48.94728 0.234
48.94933 0.040
50.30500 0.252
50.30502 0.252
50.30689 0.252
50.30699 0.252
50.30835 0.099
50.30847 0.100
50.47032 0.012
50.47037 0.012
50.47286 0.012
50.47294 0.012
50.82460 0.048
50.82463 0.048
50.82496 0.048
50.82501 0.048
50.82592 0.044
50.82599 0.043
50.82656 0.024
50.82666 0.025
50.82801 0.043
50.82814 0.043
50.82830 0.024
50.82843 0.025
50.98658 0.097
50.98659 0.097
50.98915 0.097
50.98921 0.097
50.99113 0.257
50.99120 0.257
51.58561 0.004
51.58564 0.004
51.58585 0.004
51.58592 0.004
51.58623 0.011
51.58630 0.011
51.58668 0.002
51.58678 0.002
51.58730 0.011
51.58744 0.011
51.58750 0.002
51.58764 0.002
51.85234 0.006
51.85235 0.006
51.85328 0.028
51.85334 0.027
51.85341 0.006
51.85348 0.006
51.85519 0.004
51.85530 0.004
51.85560 0.027
51.85572 0.027
51.85643 0.004
51.85657 0.004
52.60281 0.016
52.60314 0.007
52.60320 0.007
52.60355 0.008
52.60364 0.008
52.60435 0.006
52.60448 0.007
53.07588 0.007
53.07647 0.020
53.07835 0.007
53.07971 0.020
53.08083 0.010
53.08160 0.010
53.86620 0.002
53.86669 0.011
53.86673 0.011
53.86910 0.011
53.86921 0.011
54.59739 0.006
54.59742 0.006
54.59861 0.006
54.59873 0.006
54.59956 0.002
54.59971 0.002
55.00738 0.024
55.00977 0.012
55.00982 0.012
55.01218 0.011
55.01225 0.011
55.01293 0.011
55.01300 0.011
55.05877 0.004
55.05922 0.004
55.70707 2.147
56.06122 0.022
56.06124 0.022
56.06178 0.022
56.06187 0.022
56.06195 0.003
56.06203 0.003
56.06298 0.011
56.06310 0.011
56.06350 0.003
56.06365 0.003
56.06395 0.011
56.06411 0.011
56.19143 0.456
56.19147 0.228
56.19150 0.374
56.19154 0.147
56.31364 0.009
56.31369 0.009
56.31544 0.001
56.31553 0.001
56.31779 0.001
56.31792 0.001
56.51467 0.089
56.51782 0.089
56.52024 0.069
56.79443 0.126
56.79446 0.126
56.79680 0.126
56.79691 0.126
56.79863 0.022
56.79876 0.022
56.94666 0.004
56.94671 0.004
56.94744 0.003
56.94749 0.003
56.94984 0.004
56.94991 0.004
56.95017 0.003
56.95025 0.003
57.15207 0.055
57.15209 0.054
57.15217 0.012
57.15222 0.012
57.15231 0.012
57.15238 0.012
57.50037 0.281
57.50075 0.046
57.50081 0.046
57.50149 0.140
57.50159 0.141
57.50242 0.046
57.50256 0.046
57.50277 0.079
57.50292 0.079
57.50330 0.079
57.50346 0.079
57.62849 0.033
57.62850 0.033
57.62866 0.033
57.62872 0.033
58.36961 0.005
58.36962 0.005
58.37268 0.005
58.37274 0.005
58.37504 0.017
58.37511 0.017
59.04302 0.022
59.04303 0.022
59.04314 0.022
59.04319 0.022
59.04342 0.001
59.04350 0.001
59.04364 0.002
59.04375 0.001
59.84965 0.263
59.84968 0.263
59.85131 0.263
59.85145 0.263
59.85261 0.343
59.85277 0.343
59.97450 0.002
59.97452 0.002
59.97489 0.002
59.97498 0.002
59.97521 0.003
59.97532 0.002
