7.06169 100.000
7.08187 99.391
7.85626 79.794
11.77498 4.813
13.17311 3.823
13.20578 3.774
14.15038 6.568
14.19097 6.525
15.74975 4.489
18.12668 1.283
18.15063 1.286
19.68028 0.885
19.73922 0.867
20.57944 0.879
20.61475 0.872
21.29400 0.358
21.35549 0.354
23.67663 0.052
23.71932 0.368
23.84396 2.217
24.53547 4.959
24.56388 0.851
24.62876 0.824
24.95845 0.045
25.00552 0.044
25.17475 0.526
25.22651 0.520
25.73348 0.065
26.46453 4.656
26.52446 0.021
26.53619 4.646
26.57932 0.054
26.59115 0.021
26.61533 0.617
26.66249 0.056
26.72459 0.596
27.23016 1.412
27.35878 1.410
27.62676 27.752
28.14472 0.040
28.18088 0.041
28.34300 0.072
28.36804 0.031
28.40462 0.032
28.42525 0.073
28.52248 0.021
28.60563 0.020
29.78645 0.045
29.94914 0.041
29.97531 0.233
30.00017 0.233
30.05499 0.471
30.19231 0.481
30.30944 0.013
30.44018 0.014
30.44108 1.988
30.51392 1.979
31.38560 0.148
31.56931 0.152
31.80728 0.036
32.03915 0.048
32.06606 0.167
32.10934 0.048
32.12096 0.166
32.48863 1.838
32.86304 0.154
32.88821 0.049
32.91048 0.048
32.95727 0.152
33.05677 0.181
33.15230 0.179
33.70829 0.037
33.81559 0.036
33.99060 0.161
34.06165 0.160
34.25301 0.041
34.46203 0.037
34.59934 0.238
34.73798 0.241
34.84421 0.250
35.03772 0.255
35.18136 0.037
35.22875 0.032
35.31687 0.036
35.84448 0.099
35.86897 0.037
35.87288 0.279
35.94435 0.267
35.97485 0.037
36.40230 0.023
36.43996 0.022
36.58088 0.013
36.72797 0.240
36.77780 0.239
36.81154 0.014
37.07415 0.088
37.13431 0.087
37.25209 0.208
37.28384 0.208
38.31992 0.228
38.35503 0.018
38.41389 0.226
38.53412 0.125
38.57211 0.018
38.78304 0.010
38.83706 0.620
38.84842 0.620
38.95861 0.009
39.32296 0.619
39.41697 0.615
39.64017 0.091
39.73907 0.090
39.89011 0.088
39.93535 0.086
39.97311 0.165
40.06162 0.022
40.09671 0.162
40.25523 0.061
40.35893 0.061
40.36193 0.045
40.47398 0.004
40.49885 0.042
40.71635 0.003
40.87891 0.568
41.00913 0.561
41.03920 0.512
41.17147 0.504
41.69348 1.602
41.86297 0.161
41.93738 0.160
42.26656 0.103
42.29241 0.103
42.29279 0.087
42.36242 0.086
42.50826 0.071
42.52605 0.105
42.55767 0.105
42.78094 0.069
42.86004 0.109
42.91654 0.109
43.37144 1.378
43.40262 0.418
43.46860 0.055
43.48210 0.055
43.50154 1.362
43.61632 0.410
43.79191 0.128
43.81694 0.051
43.89225 0.050
44.04700 0.125
44.44740 0.045
44.53372 0.046
44.56485 1.179
44.67922 0.395
44.71808 0.395
44.73178 1.161
45.39584 0.088
45.60400 0.006
45.62419 0.025
45.62721 0.025
45.69744 0.015
45.70115 0.039
45.85202 0.006
45.89365 0.016
45.98933 0.038
46.72334 0.020
46.81820 0.021
46.93734 0.021
46.99623 0.065
47.01051 0.021
47.13198 0.064
47.18773 0.016
47.20399 0.042
47.30688 0.016
47.35617 0.042
47.97578 0.057
48.08606 0.057
48.44752 0.014
48.49370 0.017
48.51850 0.017
48.53916 0.859
48.58746 0.014
48.74629 0.014
48.80687 0.015
48.82267 0.028
48.86766 0.339
48.99142 0.081
49.01344 0.005
49.07335 0.026
49.08166 0.006
49.18281 0.008
49.30418 0.079
49.38632 0.008
49.43271 0.003
49.50093 0.003
49.68738 0.022
49.74841 0.021
49.75672 0.053
49.83069 0.052
49.88200 0.058
50.08989 0.030
50.16759 0.031
50.17406 0.057
50.18338 0.006
50.29631 0.185
50.32651 0.025
50.35764 0.023
50.45382 0.025
50.49778 0.023
50.94014 0.298
51.07491 0.281
51.09383 0.295
51.23123 0.277
51.67961 0.047
51.70180 0.009
51.73775 0.192
51.77119 0.082
51.79070 0.192
51.79187 0.047
51.87238 0.079
51.92120 0.077
51.95048 0.076
51.95299 0.009
52.04140 0.018
52.07027 0.021
52.26599 0.020
52.29730 0.044
52.33811 0.017
52.47129 0.036
52.62344 0.043
52.66719 0.035
52.72195 0.021
52.88618 0.015
52.89382 0.624
52.89728 0.021
53.05358 0.024
53.05709 0.024
53.07502 0.290
53.23980 0.006
53.28011 0.007
53.47514 0.183
53.80593 0.178
53.99581 0.018
54.10042 0.017
54.31664 0.031
54.34290 0.024
54.43909 0.025
54.45032 0.031
54.49025 0.122
54.55835 0.018
54.57284 0.001
54.62151 0.006
54.64721 0.124
54.69697 0.043
54.70461 0.018
54.74172 0.002
54.76765 0.006
54.81323 0.001
54.82066 0.062
54.84390 0.012
54.84970 0.043
54.92409 0.002
54.99568 0.003
54.99727 0.003
55.02796 0.004
55.04113 0.004
55.05471 0.021
55.06032 0.061
55.09937 0.021
55.10772 0.011
55.12974 0.004
55.15700 0.005
55.24810 0.371
55.32892 0.374
55.56338 0.018
55.75282 0.018
55.94469 0.023
56.10330 0.045
56.17193 0.003
56.29808 0.022
56.31542 0.044
56.39115 0.020
56.45546 0.003
56.51638 0.009
56.57890 0.020
56.62508 0.086
56.80545 0.174
56.84628 0.009
57.04717 1.774
57.16690 0.004
57.23450 0.003
57.31014 0.176
57.82214 0.087
57.89853 0.153
57.95987 0.086
58.05556 0.009
58.20216 0.149
58.27180 0.115
58.29013 0.010
58.39179 0.056
58.51182 0.014
58.55350 0.058
58.57612 0.112
58.59236 0.031
58.63518 0.015
58.74636 0.008
58.78441 0.014
58.81819 0.015
58.84667 0.030
58.97587 0.411
59.03468 0.069
59.04512 0.007
59.21995 0.068
59.32090 0.401
59.36571 0.002
59.49893 0.020
59.53566 0.019
59.73161 0.001
59.74422 0.128
59.82685 0.127
59.92728 0.011
