6.45019 100.000
7.30751 58.922
9.19011 21.968
10.28510 49.895
12.28710 0.006
12.45269 1.363
12.90636 0.086
12.92093 0.077
13.15968 0.851
14.11935 16.371
14.64495 0.395
15.19215 13.155
15.33126 0.729
15.37673 7.610
15.56534 7.010
15.59307 10.038
15.61901 2.480
15.85254 10.333
16.24339 0.028
16.67482 0.448
16.91174 0.275
17.41906 0.181
17.48832 4.599
18.44001 0.928
18.72462 0.014
18.78973 0.025
19.43336 0.011
19.88940 0.386
19.98949 1.499
20.13779 0.204
20.40434 0.438
20.65424 0.456
20.76080 6.853
20.97053 0.240
21.37468 21.536
21.45689 0.291
21.55608 0.315
22.04338 2.440
22.14093 2.863
22.26847 1.475
22.48198 0.017
22.70162 0.054
23.03922 0.014
23.14446 0.065
23.32152 0.082
23.69162 0.456
23.83608 7.264
23.92228 0.015
24.01121 0.288
24.31764 0.246
24.36529 0.113
24.41938 0.014
24.52394 0.157
24.71839 2.070
25.05556 1.206
25.20490 1.177
25.40716 0.044
25.44614 0.134
25.60877 0.014
25.65621 0.098
25.73087 0.622
25.98017 0.042
26.00989 0.039
26.01806 0.235
26.22563 0.026
26.49703 0.243
26.49828 0.217
26.51892 0.190
26.59526 6.947
26.74664 0.187
26.88303 0.215
26.88922 0.826
27.03670 1.106
27.04850 1.029
27.07397 0.013
27.16578 1.491
27.29810 0.002
27.66603 0.175
27.68275 0.151
27.74764 0.051
27.81307 0.252
27.84412 5.124
27.85517 0.658
28.05499 3.720
28.44185 0.002
28.45895 0.103
29.00474 1.330
29.07633 0.146
29.32468 0.325
29.41292 0.005
29.46440 0.267
29.52056 0.253
29.53620 0.682
29.97881 0.108
29.99216 0.286
30.08974 0.022
30.32649 0.476
30.38527 0.117
30.60935 0.009
30.65988 0.031
30.76707 0.143
30.83217 1.013
30.86357 0.149
30.99083 0.063
31.03942 6.053
31.16029 0.026
31.19786 0.050
31.46405 0.176
31.53804 0.242
31.55671 0.013
32.01907 3.327
32.03712 0.054
32.07044 0.024
32.16245 0.142
32.24402 0.297
32.24587 0.027
32.32675 0.233
32.46692 0.137
32.52583 0.064
32.61695 0.641
32.67489 0.574
32.67929 0.087
32.72426 0.045
32.79595 0.094
33.35230 1.567
33.64696 0.004
33.88783 0.004
33.93736 0.126
34.03895 0.028
34.09393 0.003
34.09947 0.146
34.13856 0.006
34.26679 0.030
34.35627 0.465
34.36889 0.134
34.47120 0.020
34.52570 0.066
34.66526 0.759
34.81680 0.055
35.20078 0.027
35.20587 0.058
35.24160 0.004
35.25778 0.037
35.26022 0.379
35.40147 0.375
35.54072 0.028
35.54775 0.002
35.58509 0.230
35.62540 0.085
35.68842 0.139
35.90636 0.083
36.17369 0.069
36.20500 0.483
36.22860 0.076
36.27133 0.005
36.29101 0.461
36.35386 0.042
36.35689 0.005
36.42408 0.115
36.45468 0.009
36.46188 0.263
36.48656 0.003
36.60292 0.027
36.75153 0.365
36.85637 0.049
36.86765 0.285
36.93668 0.019
36.99432 0.055
37.07202 0.143
37.16070 0.033
37.38049 0.067
37.39270 0.011
37.43097 0.011
37.43687 0.004
37.45403 0.065
37.46154 0.366
37.46928 0.203
37.52412 0.042
37.54360 0.114
37.64055 0.023
37.83143 0.138
37.88832 0.270
37.97403 0.016
37.97591 0.002
38.02095 0.069
38.09560 0.003
38.10993 0.005
38.23523 0.075
38.28325 0.031
38.42007 0.008
38.50687 0.012
38.52864 0.016
38.52993 0.034
38.60260 0.054
38.68430 0.012
38.80295 0.016
38.84450 0.052
38.94438 0.015
39.17023 0.008
39.20002 0.012
39.21507 0.003
39.30920 0.016
39.31349 0.213
39.34382 0.146
39.40191 0.040
39.40954 0.147
39.45568 0.615
39.51888 0.089
39.61212 0.044
39.63347 0.040
39.69861 0.016
39.75052 0.037
39.75073 0.803
39.80766 0.083
39.94291 0.009
39.98862 0.008
40.14436 0.158
40.16271 0.023
40.21258 0.002
40.24705 0.185
40.43946 0.004
40.44805 0.202
40.45741 0.043
40.62200 0.787
40.70300 0.081
40.85621 0.104
40.93421 0.055
41.01508 0.013
41.03601 0.111
41.14914 0.063
41.25659 0.027
41.30803 0.002
41.38375 0.813
41.39138 0.061
41.39252 0.038
41.44703 0.008
41.49424 0.205
41.60468 0.269
41.73453 0.031
41.84310 0.097
41.89198 0.005
42.01429 0.002
42.14086 0.094
42.24178 0.155
42.24527 0.094
42.31043 0.101
42.36213 0.795
42.40720 0.039
42.50615 0.274
42.62944 0.064
42.64910 0.035
42.66381 0.013
42.67377 0.169
42.68783 0.020
42.80912 0.050
42.81641 0.133
42.88307 0.120
42.92880 0.082
42.97276 0.035
43.11579 0.023
43.13050 0.042
43.13633 0.947
43.14574 0.235
43.19853 0.033
43.27205 0.013
43.28218 0.011
43.35063 0.193
43.54214 0.011
43.62174 1.194
43.71615 0.056
43.74868 0.015
43.80772 0.002
43.84190 0.057
43.85438 0.054
43.93417 0.023
44.04471 0.067
44.15359 0.090
44.25623 0.106
44.29685 0.005
44.33146 0.061
44.35181 0.017
44.36140 0.002
44.42135 0.514
44.49578 0.025
44.56023 0.029
44.62248 0.019
44.65265 0.046
44.88011 0.013
44.96003 0.003
44.98857 0.045
45.01712 0.326
45.09508 1.215
45.16734 0.012
45.42094 0.005
45.43858 0.041
45.54604 0.107
45.61053 0.062
45.71925 0.159
45.77171 0.002
45.89309 0.039
46.02289 0.128
46.13068 0.567
46.13103 0.016
46.19066 0.158
46.24525 0.059
46.24596 0.111
46.27678 0.161
46.30019 0.032
46.31076 0.001
46.36129 0.128
46.38374 0.015
46.47482 0.164
46.52958 0.016
46.57421 0.015
46.57829 0.002
46.60177 0.004
46.62226 0.016
46.65855 0.004
46.67648 0.107
46.72730 0.009
46.79311 0.050
46.82182 0.011
46.86003 0.196
46.88744 0.121
46.94563 0.547
46.99680 0.010
47.05622 0.093
47.06322 0.020
47.07990 0.218
47.08218 0.017
47.09078 0.047
47.15930 0.056
47.17824 0.087
47.18587 0.008
47.18940 0.247
47.19786 0.006
47.22697 0.050
47.22745 0.067
47.30052 0.005
47.30722 0.185
47.32581 0.004
47.38433 0.557
47.65042 0.091
47.65593 0.017
47.68616 0.020
47.73216 0.005
47.78656 0.004
47.90285 0.002
47.93869 0.007
48.02889 0.033
48.09531 0.001
48.11332 0.068
48.16555 0.006
48.23747 0.021
48.24214 0.003
48.43775 0.002
48.44493 0.237
48.47968 0.050
48.52392 0.012
48.55652 0.006
48.63484 0.028
48.66886 0.007
48.76005 0.016
48.78995 0.016
48.82242 0.036
48.88006 0.326
48.88201 0.005
48.91593 0.088
48.95661 0.340
48.97522 0.167
48.99804 0.020
49.10700 0.386
49.17577 0.045
49.40829 0.023
49.45766 0.011
49.52009 0.134
49.56482 0.006
49.61157 0.005
49.67823 0.023
49.77666 0.110
49.77867 0.005
49.82636 0.023
49.83005 0.068
49.87584 0.001
49.90965 0.001
49.92910 0.174
49.93026 0.005
50.04063 0.102
50.04898 0.056
50.10150 0.009
50.11380 0.023
50.13319 0.002
50.15306 0.062
50.25018 0.073
50.27140 0.013
50.28275 0.094
50.28454 0.005
50.30234 0.042
50.39286 0.059
50.59446 0.118
50.60153 0.030
50.64888 0.015
50.69148 0.060
50.79556 0.027
50.83213 0.004
50.94075 0.074
51.10176 0.037
51.15394 0.070
51.16341 0.140
51.16666 0.004
51.17517 0.012
51.26752 0.010
51.27122 0.007
51.29107 0.021
51.37081 0.012
51.38913 0.029
51.40985 0.106
51.42121 0.022
51.43247 0.023
51.47965 0.006
51.51254 0.017
51.57146 0.171
51.59552 0.024
51.59625 0.002
51.60403 0.004
51.64290 0.025
51.64491 0.018
51.74499 0.055
51.81353 0.065
51.85796 0.026
51.86288 0.080
52.00399 0.013
52.00845 0.031
52.14568 0.008
52.19225 0.030
52.23087 0.011
52.31783 0.180
52.33295 0.036
52.33765 0.192
52.35363 0.003
52.35372 0.028
52.36058 0.360
52.40274 0.157
52.51929 0.207
52.55021 0.003
52.57178 0.013
52.58796 0.103
52.60189 0.002
52.61136 0.006
52.62238 0.005
52.62753 0.029
52.64095 0.026
52.64546 0.060
52.65718 0.205
52.67746 0.221
52.72561 0.004
52.76238 0.010
52.79247 0.232
52.81994 0.036
52.84331 0.051
52.84557 0.018
52.85790 0.098
52.87202 0.002
52.88815 0.003
52.92870 0.003
52.93756 0.016
52.98594 0.040
53.15298 0.134
53.17901 0.121
53.28520 0.019
53.28587 0.056
53.29843 0.002
53.32407 0.004
53.43154 0.013
53.44030 0.021
53.49639 0.083
53.51421 0.074
53.59114 0.054
53.60567 0.012
53.79735 0.067
53.84789 0.002
53.86639 0.007
53.88106 0.110
53.90492 0.013
53.95838 0.021
53.96756 0.030
54.03668 0.004
54.04455 0.073
54.08678 0.001
54.14709 0.003
54.24166 0.002
54.25026 0.004
54.26733 0.043
54.29652 0.005
54.35329 0.022
54.42960 0.142
54.45356 0.010
54.54272 0.016
54.56142 0.004
54.56416 0.118
54.59558 0.032
54.59895 0.003
54.62120 0.003
54.63779 0.120
54.69940 0.018
54.75048 0.002
54.77666 0.121
54.82022 0.249
54.82249 0.023
54.84014 0.005
54.98282 0.006
54.99090 0.021
55.00698 0.001
55.10871 0.010
55.19766 0.007
55.20326 0.004
55.23545 0.023
55.26926 0.017
55.32802 0.003
55.38073 0.039
55.40819 0.032
55.42180 0.008
55.47281 0.026
55.57876 0.003
55.61671 0.028
55.66464 0.006
55.71406 0.013
55.74602 0.123
55.77200 0.047
55.78281 0.009
55.82802 0.024
55.83308 0.024
55.90537 0.002
55.94340 0.023
56.03014 0.071
56.04864 0.004
56.13525 0.003
56.22836 0.178
56.32167 0.001
56.34769 0.077
56.35076 0.006
56.35370 0.006
56.41919 0.021
56.58484 0.075
56.60575 0.010
56.60633 0.040
56.64867 0.004
56.75503 0.004
56.76508 0.010
56.76594 0.074
56.76836 0.005
56.78672 0.030
56.90821 0.050
56.92558 0.033
56.97534 0.086
56.98284 0.001
57.03059 0.005
57.08904 0.003
57.11251 0.053
57.14567 0.028
57.17097 0.060
57.31450 0.031
57.36065 0.028
57.39397 0.044
57.41670 0.038
57.45933 0.005
57.52575 0.005
57.52662 0.035
57.52806 0.049
57.55209 0.004
57.61686 0.016
57.70989 0.005
57.73773 0.081
57.82131 0.009
57.88558 0.002
57.99547 0.004
58.01515 0.002
58.08714 0.012
58.14320 0.006
58.16945 0.020
58.24299 0.005
58.24561 0.001
58.27773 0.003
58.30275 0.033
58.37551 0.009
58.42246 0.001
58.45513 0.038
58.53440 0.011
58.62911 0.003
58.64338 0.020
58.67622 0.008
58.71708 0.013
58.78540 0.001
58.81774 0.002
58.82239 0.016
58.85514 0.068
58.89319 0.006
58.92960 0.021
58.95212 0.002
59.01296 0.296
59.02815 0.002
59.06214 0.003
59.06304 0.015
59.07942 0.097
59.16183 0.030
59.19963 0.003
59.20955 0.045
59.26282 0.001
59.27068 0.007
59.27961 0.003
59.32868 0.001
59.33646 0.006
59.38923 0.012
59.43701 0.018
59.44629 0.008
59.45022 0.029
59.46298 0.003
59.46976 0.004
59.48751 0.035
59.51079 0.002
59.57914 0.007
59.61655 0.019
59.63124 0.006
59.63597 0.018
59.66944 0.004
59.68473 0.016
59.70595 0.033
59.73819 0.146
59.74196 0.003
59.74283 0.038
59.78947 0.036
59.79560 0.002
59.82332 0.002
59.88363 0.013
59.91492 0.021
59.94292 0.089
59.96064 0.003
59.97855 0.022
59.98714 0.147
