8.81559 4.438
10.14267 28.814
10.34389 33.231
10.38751 2.989
11.66628 0.219
12.67254 0.267
14.65408 15.682
14.70483 5.255
15.36595 0.630
15.97742 3.501
16.19329 7.348
16.22287 25.160
16.36287 22.656
17.68389 1.096
17.92752 52.849
18.09557 0.645
18.54873 25.062
20.04342 6.374
20.32807 0.163
20.36592 0.001
20.54230 40.322
20.66249 38.672
20.77329 100.000
20.86163 0.406
20.91214 1.500
21.59948 23.965
22.14760 0.894
22.49764 2.427
22.88773 74.434
22.91285 0.617
23.24490 11.695
23.30449 3.906
23.30998 0.636
23.36942 0.425
23.45572 1.611
23.83093 1.103
24.26993 54.934
24.46607 1.235
24.65935 0.985
24.83229 6.044
25.07057 0.106
25.37772 0.105
25.40493 2.235
25.50348 0.057
25.85182 0.013
26.06420 2.848
26.09911 11.765
26.53314 0.001
26.66055 4.349
27.22296 0.072
27.93773 0.177
28.22422 0.217
28.32708 80.786
28.34073 21.923
28.45037 0.938
28.46897 1.964
28.83458 0.026
28.88313 18.084
29.00315 5.098
29.14493 2.202
29.45734 3.807
29.55493 1.625
29.65905 2.753
29.89288 2.848
30.01076 6.367
30.07033 2.660
30.22545 4.086
30.30889 0.032
30.70143 0.150
30.74016 0.072
30.74277 0.081
30.75625 0.068
30.86399 0.155
31.01726 1.090
31.24471 0.249
31.27804 15.846
31.38028 9.494
31.51569 0.007
31.73272 0.296
32.07157 0.351
32.17796 1.602
32.19421 0.025
32.27649 0.051
32.38304 0.192
32.72177 0.562
32.78283 0.547
32.84774 0.237
32.88796 1.613
32.91159 0.263
33.07185 0.201
33.10432 7.888
33.17489 0.137
33.21912 0.082
33.23160 1.767
33.28757 0.044
33.28948 0.641
33.33459 0.871
33.45796 0.407
33.95920 5.864
34.09631 0.003
34.43418 0.747
34.47542 0.440
34.52719 0.087
34.91608 0.220
34.95517 0.087
35.10442 0.244
35.10990 0.249
35.30285 0.334
35.50371 1.098
35.51425 0.686
35.52133 0.919
35.80746 0.720
35.95841 2.008
35.99713 0.005
36.22203 9.217
36.31371 0.878
36.42802 0.622
36.51574 2.171
36.66322 0.435
36.75472 0.141
36.99487 0.004
37.06893 5.322
37.07879 0.357
37.30486 3.135
37.60713 0.565
37.62478 0.761
37.68699 1.378
37.84279 0.040
37.85264 0.896
37.92215 0.351
37.98596 0.166
38.01458 0.531
38.22428 3.203
38.30747 0.018
38.47327 0.039
38.47711 1.902
38.66996 0.127
38.75063 0.412
38.93108 0.047
38.99110 0.313
39.25169 0.002
39.39766 0.703
39.46164 1.697
39.69040 0.717
39.80177 0.164
39.90875 0.012
39.94735 3.378
40.14454 0.113
40.16464 0.253
40.17860 0.148
40.22571 1.284
40.47253 0.301
40.51053 0.061
40.52031 0.548
40.53009 0.048
40.53782 0.465
40.54042 2.489
40.65372 0.123
40.73529 0.354
40.87516 0.002
40.92863 0.014
40.94223 0.037
41.05801 3.577
41.06032 0.244
41.10380 0.372
41.10882 0.354
41.16895 0.851
41.33374 0.640
41.35720 0.938
41.41338 0.137
41.59522 2.675
41.78474 5.010
41.84225 0.957
41.84391 0.595
41.92278 0.652
41.96984 2.207
41.97584 0.600
42.03799 0.540
42.27160 0.296
42.30615 0.086
42.45798 0.012
42.56458 0.241
42.68623 0.262
42.83572 0.843
42.90340 1.652
42.95826 1.541
43.08218 0.015
43.09572 1.617
43.15419 0.368
43.25323 0.754
43.36466 0.099
43.44779 1.053
43.56184 0.877
43.61226 0.977
43.68679 0.025
43.78123 9.830
43.78269 0.269
43.85699 0.117
44.01268 0.435
44.01818 0.080
44.08163 0.669
44.20073 0.322
44.22504 1.183
44.33657 0.115
44.34283 0.009
44.63155 0.012
44.78940 0.115
44.82212 0.062
44.92078 0.288
44.98943 0.278
45.15291 0.108
45.18151 0.101
45.19726 0.187
45.19932 0.099
45.23714 0.559
45.29798 0.456
45.51610 0.004
45.65303 0.803
45.69087 3.305
45.86263 0.168
45.86441 7.068
45.90916 0.394
45.91048 0.241
45.92646 0.001
46.02581 0.074
46.10107 0.294
46.24960 0.161
46.26496 1.205
46.32898 0.031
46.44871 0.102
46.52257 0.203
46.55338 0.300
46.57654 1.167
46.58136 1.523
46.58941 4.617
46.75850 0.094
46.81215 0.051
47.03538 2.618
47.09794 1.043
47.11111 0.221
47.25599 0.140
47.28125 0.002
47.29083 0.090
47.31381 0.082
47.62797 0.063
47.63881 0.015
47.64137 0.050
47.64970 0.084
47.66146 0.021
47.78876 0.007
47.84203 0.228
47.86967 0.082
47.90727 1.733
47.92674 1.947
47.97368 0.413
48.00186 1.102
48.08923 0.055
48.10345 0.026
48.12249 0.256
48.29043 0.033
48.54080 0.019
48.66966 0.115
48.69702 0.224
48.77889 0.390
48.82980 0.575
49.08677 0.030
49.09747 0.027
49.12737 1.619
49.18664 0.002
49.19869 0.002
49.28232 0.149
49.41642 0.155
49.50670 3.800
49.56934 0.081
49.61370 0.459
49.65053 0.803
49.72353 0.079
49.76753 0.247
49.90400 0.574
49.93396 0.104
49.98880 1.015
50.02001 0.952
50.08578 0.229
50.10534 0.838
50.14651 0.088
50.22936 0.006
50.27763 0.591
50.29553 0.131
50.29909 0.115
50.33199 0.058
50.44721 0.096
50.46402 0.145
50.51393 0.258
50.52165 0.042
50.54462 0.866
50.54510 0.207
50.56388 0.471
50.58195 0.032
50.62761 0.138
50.72104 0.089
50.86117 0.180
50.93780 0.370
51.05278 0.030
51.12335 0.123
51.16833 0.362
51.22769 0.757
51.31426 1.329
51.45375 0.352
51.49474 0.059
51.55734 0.548
51.66068 0.913
51.71486 0.070
51.73525 2.016
51.77584 0.121
51.96237 0.543
52.08387 0.365
52.12012 0.071
52.17923 0.004
52.19323 0.070
52.19866 1.766
52.39339 0.034
52.45541 2.371
52.46057 0.067
52.56525 0.025
52.64190 0.766
52.64361 0.018
52.67686 0.041
52.81965 0.022
52.87185 0.016
52.89411 0.061
52.91353 0.262
52.92658 0.214
53.12052 3.188
53.15165 0.025
53.22657 0.543
53.26234 0.101
53.33851 0.085
53.36004 0.036
53.50700 0.088
53.57227 0.747
53.58037 0.253
53.60630 0.166
53.61492 0.098
53.64053 0.012
53.69114 0.032
53.73259 1.774
53.73931 0.204
53.76383 0.004
53.81890 0.003
53.82385 0.247
53.83192 0.008
53.87955 0.019
53.92569 0.122
54.00161 1.148
54.06071 0.120
54.11170 0.403
54.16323 0.011
54.27848 0.125
54.44716 0.268
54.64052 0.007
54.69937 0.524
54.74842 1.075
54.77335 0.936
54.77614 0.019
54.77812 0.046
54.78439 0.001
54.90567 0.033
54.91982 0.115
54.92987 0.075
54.97301 0.284
55.00840 0.400
55.04374 0.013
55.05206 0.007
55.07392 0.016
55.09429 0.004
55.15710 0.025
55.16554 0.112
55.18078 0.217
55.19505 0.076
55.23118 2.147
55.41353 0.082
55.46453 0.234
55.51792 1.110
55.63444 0.036
55.69026 1.788
55.73510 0.201
55.78484 0.118
55.79331 0.011
55.80606 0.086
55.83822 0.081
56.13944 0.115
56.15608 0.012
56.16427 0.369
56.29907 0.044
56.31445 0.036
56.46917 0.051
56.48303 0.181
56.48557 0.131
56.53078 0.377
56.55828 0.020
56.60995 0.176
56.65772 0.080
56.73573 0.119
56.76911 0.014
56.79416 0.017
56.89035 0.174
57.04084 0.194
57.11253 0.112
57.18868 0.040
57.21077 0.002
57.25375 0.199
57.31020 0.010
57.35730 0.755
57.39280 0.124
57.56176 0.052
57.56392 0.032
57.58329 0.023
57.73546 0.003
57.82677 0.051
57.84225 0.021
57.89102 0.182
57.97632 0.034
57.99132 0.008
58.04453 0.492
58.06773 0.013
58.08693 0.049
58.09609 0.043
58.19597 0.313
58.23727 0.203
58.23860 0.118
58.29607 0.203
58.31020 0.308
58.32017 0.008
58.35057 0.003
58.37116 0.230
58.38973 0.052
58.59979 1.429
58.60842 0.326
58.68838 0.055
58.91551 0.008
58.91604 0.857
58.97150 0.253
58.98373 0.002
59.02070 0.065
59.03994 0.679
59.05823 0.005
59.09976 0.074
59.10025 0.035
59.13173 0.002
59.16225 0.019
59.16249 0.001
59.29798 0.389
59.31708 1.579
59.36211 0.065
59.36348 0.039
59.37799 0.021
59.40904 0.025
59.42966 0.205
59.51690 0.017
59.65253 0.104
59.70232 0.024
59.73083 0.006
59.73789 0.004
59.78609 0.004
59.82163 0.947
59.82922 0.003
59.83929 0.050
59.98584 0.060
