2.92138 100.000
2.92892 98.482
3.03142 4.107
5.00472 2.806
5.18475 0.450
5.19750 0.527
5.84467 10.010
5.85976 9.529
6.06496 4.183
7.65758 1.077
7.66623 0.929
7.85500 2.270
7.87748 2.003
7.97944 0.134
7.99328 0.025
8.77177 0.784
8.79443 1.120
9.10276 0.073
10.01903 0.038
10.38015 0.102
10.40573 0.153
10.46136 0.051
10.47829 0.049
10.66485 0.834
10.69597 0.352
10.90907 0.097
10.92328 0.046
11.70462 0.337
11.73490 0.696
12.14699 0.145
12.62044 0.182
12.62924 0.105
13.00491 0.195
13.04075 0.240
13.13126 0.053
13.15831 0.063
13.32614 0.011
13.35114 0.066
13.53265 0.219
13.57203 0.074
13.90856 0.001
14.64518 0.184
14.68315 0.230
15.05265 0.036
15.19985 0.070
15.34962 0.166
15.36704 0.334
15.59705 0.142
15.63562 0.087
15.74722 0.020
15.79250 0.049
15.99790 0.019
16.02578 0.038
16.22520 0.032
16.25820 0.006
16.43369 0.061
16.48120 0.011
16.91163 0.014
16.92617 0.009
17.59547 0.048
17.64121 0.085
17.64164 0.022
17.65052 0.052
18.15464 0.031
18.18054 0.008
18.21295 0.008
18.26210 0.010
18.26361 0.011
18.34048 0.034
18.38077 0.014
18.56072 0.081
18.61501 0.199
18.93404 0.007
19.14900 0.024
19.18999 0.012
19.35908 0.065
19.41468 0.028
19.95356 0.021
19.96821 0.013
20.11568 0.004
20.33868 0.054
20.35637 0.026
20.55757 0.024
20.61116 0.092
20.84672 0.012
20.89852 0.011
20.92844 0.040
20.98757 0.003
21.01121 0.008
21.04550 0.012
21.18289 0.013
21.22435 0.019
21.34059 0.006
21.42350 0.024
21.48658 0.028
21.91860 0.004
21.94743 0.008
22.09410 0.048
22.14312 0.063
22.30565 0.018
22.36939 0.004
22.71797 0.026
22.80472 0.587
22.95616 0.049
22.97355 0.165
22.99235 0.395
23.01745 0.002
23.01858 0.035
23.02902 0.055
23.03219 0.004
23.03788 0.300
23.11201 0.026
23.13845 0.009
23.29935 0.178
23.34676 0.280
23.39805 0.020
23.40625 0.153
23.42423 0.005
23.46322 0.018
23.46995 0.006
23.48518 0.073
23.51727 0.186
23.53263 0.008
23.53363 0.008
23.58261 0.016
23.59519 0.067
23.59873 0.002
23.60528 0.022
23.64489 0.098
23.65417 0.002
23.71549 0.006
23.78423 0.009
23.90730 0.013
23.94996 0.006
23.99176 0.026
24.00654 0.012
24.06591 0.201
24.09616 0.005
24.12661 0.014
24.12860 0.010
24.13851 0.008
24.17097 0.039
24.17955 0.076
24.18242 0.018
24.19128 0.005
24.20945 0.023
24.25693 0.025
24.27443 0.039
24.32465 0.004
24.36855 0.142
24.41224 0.303
24.43323 0.023
24.53961 0.118
24.54812 0.014
24.59965 0.400
24.65142 0.019
24.84531 0.124
24.94150 0.003
24.97066 0.006
25.01569 0.027
25.02214 0.002
25.04874 0.017
25.05971 0.007
25.07997 0.079
25.10632 0.005
25.11684 0.008
25.12036 0.137
25.12166 0.017
25.19110 0.006
25.21874 0.047
25.23360 0.033
25.24805 0.111
25.26185 0.056
25.27274 0.011
25.28126 0.137
25.28884 0.152
25.31351 0.028
25.34470 0.013
25.37288 0.113
25.37850 0.031
25.39730 0.006
25.41522 0.038
25.43686 0.009
25.57184 0.236
25.62396 0.453
25.78619 0.016
25.84948 0.005
25.86612 0.320
25.94366 0.002
25.97879 0.030
25.98068 0.015
26.00191 0.003
26.01387 0.030
26.10313 0.004
26.11799 0.008
26.14104 0.003
26.18121 0.007
26.20642 0.002
26.21703 0.002
26.25433 0.006
26.27854 0.058
26.29714 0.005
26.29906 0.268
26.31216 0.002
26.35350 0.026
26.36649 0.005
26.38892 0.001
26.39486 0.015
26.41245 0.066
26.43902 0.018
26.47276 0.107
26.49424 0.008
26.49734 0.066
26.52587 0.018
26.53732 0.049
26.55811 0.002
26.59553 0.016
26.61815 0.020
26.63627 0.002
26.67351 0.020
26.67895 0.006
26.71028 0.066
26.75762 0.018
26.78963 0.203
26.83690 0.001
26.84577 0.004
26.88796 0.022
26.90819 0.032
27.05547 0.019
27.06478 0.014
27.10785 0.022
27.11307 0.074
27.25878 0.001
27.27526 0.290
27.30543 0.076
27.33926 0.005
27.40434 0.324
27.43915 0.007
27.44249 0.008
27.46024 0.017
27.54405 0.002
27.59761 0.030
27.59767 0.051
27.62053 0.008
27.69311 0.011
27.73705 0.059
27.74989 0.017
27.75803 0.004
27.78986 0.016
27.79056 0.007
27.82723 0.025
27.83629 0.076
27.86806 0.026
27.87916 0.002
27.91840 0.168
27.94626 0.022
27.95740 0.026
27.98771 0.077
27.99801 0.002
28.00463 0.004
28.02748 0.002
28.02773 0.105
28.04639 0.008
28.08353 0.037
28.11175 0.002
28.12622 0.024
28.15984 0.011
28.18672 0.014
28.24211 0.002
28.31701 0.075
28.32209 0.008
28.42800 0.006
28.45087 0.045
28.47109 0.028
28.58434 0.020
28.64486 0.001
28.77988 0.031
28.78251 0.006
28.79724 0.022
28.80653 0.055
28.82326 0.001
28.84039 0.048
28.85909 0.015
28.86710 0.033
28.91277 0.009
29.05845 0.014
29.11918 0.008
29.14676 0.050
29.14947 0.007
29.16970 0.014
29.17527 0.028
29.19626 0.012
29.21168 0.003
29.28393 0.022
29.29062 0.057
29.31145 0.038
29.34937 0.011
29.36729 0.006
29.40581 0.013
29.40636 0.008
29.41626 0.033
29.42555 0.014
29.44714 0.002
29.45695 0.008
29.45929 0.005
29.50236 0.021
29.51704 0.001
29.53666 0.006
29.54433 0.152
29.60209 0.030
29.62252 0.002
29.68680 0.001
29.76254 0.050
29.76805 0.007
29.78762 0.033
29.79729 0.008
29.80759 0.012
29.85682 0.004
29.91509 0.048
29.95932 0.002
29.99296 0.014
30.08015 0.003
30.08299 0.002
30.12385 0.005
30.17492 0.017
30.18119 0.078
30.22347 0.002
30.31273 0.005
30.37319 0.002
30.37406 0.011
30.39477 0.036
30.41312 0.006
30.54047 0.012
30.54481 0.002
30.54800 0.006
30.56091 0.009
30.60650 0.015
30.67571 0.003
30.70896 0.003
30.77025 0.010
30.78400 0.008
30.92036 0.012
30.94518 0.033
30.96021 0.001
30.98366 0.017
30.98994 0.003
31.00688 0.041
31.01010 0.037
31.01950 0.002
31.03864 0.003
31.05547 0.003
31.07629 0.008
31.08632 0.001
31.10152 0.024
31.10181 0.012
31.11610 0.002
31.14380 0.004
31.18872 0.002
31.18913 0.007
31.27172 0.003
31.30317 0.023
31.32231 0.015
31.33977 0.001
31.36050 0.002
31.36563 0.001
31.38127 0.046
31.41568 0.019
31.44426 0.006
31.49282 0.003
31.50485 0.006
31.52751 0.003
31.56286 0.003
31.59231 0.014
31.76628 0.004
31.76872 0.020
31.78943 0.009
31.79759 0.005
31.81531 0.015
31.83560 0.005
31.88578 0.003
31.93421 0.011
31.99973 0.003
32.10825 0.005
32.19331 0.011
32.20027 0.024
32.22370 0.093
32.31873 0.002
32.35997 0.001
32.37746 0.004
32.38102 0.008
32.47427 0.001
32.48614 0.009
32.50684 0.003
32.51288 0.005
32.54819 0.003
32.56845 0.001
32.60274 0.002
32.62246 0.003
32.65478 0.002
32.70168 0.002
32.75814 0.002
32.78764 0.003
32.80097 0.025
32.81165 0.001
32.85574 0.005
32.87200 0.006
32.87957 0.005
32.90559 0.002
32.92661 0.010
32.97071 0.008
32.98290 0.008
33.00573 0.002
33.04797 0.002
33.05038 0.003
33.07165 0.006
33.07773 0.005
33.10559 0.009
33.13038 0.048
33.13772 0.002
33.18201 0.002
33.19934 0.006
33.21811 0.001
33.28002 0.005
33.28228 0.004
33.28984 0.002
33.38596 0.003
33.39926 0.022
33.41112 0.012
33.44630 0.004
33.50042 0.027
33.54270 0.016
33.61210 0.006
33.86070 0.017
33.90553 0.019
33.93641 0.009
33.98286 0.014
34.03667 0.003
34.11290 0.017
34.16179 0.003
34.17102 0.006
34.18555 0.002
34.18579 0.005
34.21612 0.006
34.23644 0.001
34.25276 0.001
34.29053 0.015
34.29384 0.004
34.29586 0.001
34.30684 0.001
34.37565 0.007
34.39401 0.009
34.41009 0.001
34.42236 0.022
34.47651 0.001
34.59094 0.003
34.59850 0.001
34.61715 0.008
34.63727 0.006
34.68934 0.004
34.76725 0.018
34.79658 0.002
34.80909 0.002
34.81497 0.004
34.83077 0.012
34.94667 0.003
34.94973 0.011
34.97509 0.004
35.00065 0.005
35.01643 0.003
35.03379 0.013
35.04758 0.003
35.06230 0.007
35.07738 0.006
35.11219 0.009
35.17697 0.007
35.21226 0.002
35.28789 0.003
35.32238 0.003
35.34648 0.003
35.35195 0.003
35.39460 0.003
35.39901 0.001
35.41803 0.007
35.45269 0.001
35.50500 0.002
35.55941 0.003
35.57287 0.009
35.62386 0.003
35.63559 0.002
35.64798 0.005
35.67470 0.002
35.71716 0.002
35.73213 0.009
35.73816 0.005
35.78784 0.003
35.80833 0.011
35.87767 0.001
35.88515 0.001
35.92357 0.005
35.94189 0.001
36.04493 0.005
36.04992 0.010
36.12054 0.009
36.13256 0.001
36.15705 0.001
36.16111 0.001
36.23550 0.004
36.24245 0.006
36.24323 0.002
36.28036 0.001
36.28226 0.002
36.28738 0.011
36.32647 0.008
36.34250 0.001
36.42841 0.008
36.47644 0.002
36.49812 0.001
36.58288 0.001
36.75510 0.006
36.78616 0.005
36.80492 0.013
36.84007 0.015
36.84482 0.006
36.86931 0.002
36.90753 0.001
36.91610 0.008
36.98804 0.005
37.00524 0.005
37.00986 0.003
37.01010 0.008
37.01146 0.011
37.01301 0.005
37.06148 0.004
37.12284 0.009
37.13920 0.007
37.14757 0.004
37.17311 0.008
37.23173 0.007
37.23948 0.004
37.25632 0.003
37.25674 0.004
37.26171 0.011
37.28556 0.002
37.34613 0.001
37.38956 0.004
37.39257 0.003
37.39441 0.005
37.44036 0.003
37.46358 0.006
37.46911 0.003
37.47487 0.001
37.47547 0.001
37.49497 0.002
37.51284 0.008
37.63213 0.007
37.63489 0.005
37.66856 0.002
37.67422 0.003
37.70457 0.007
37.74534 0.001
37.74651 0.002
37.77493 0.002
37.88125 0.006
37.94416 0.018
38.01288 0.011
38.02923 0.003
38.07778 0.008
38.09106 0.007
38.12960 0.006
38.25639 0.002
38.26570 0.010
38.30073 0.002
38.35332 0.005
38.45003 0.002
38.47067 0.001
38.50536 0.004
38.52311 0.001
38.53314 0.004
38.58662 0.002
38.60299 0.004
38.66656 0.019
38.66844 0.008
38.67997 0.002
38.69472 0.001
38.70568 0.004
38.71009 0.001
38.71074 0.004
38.80949 0.002
38.82720 0.005
38.86059 0.003
38.86267 0.015
38.92616 0.003
39.00843 0.007
39.03123 0.003
39.08293 0.007
39.08566 0.002
39.10600 0.015
39.18261 0.004
39.20444 0.003
39.22088 0.002
39.30015 0.005
39.31584 0.002
39.32398 0.005
39.41657 0.003
39.41860 0.006
39.42716 0.002
39.45337 0.003
39.47286 0.005
39.52115 0.005
39.55829 0.003
39.62152 0.006
39.64504 0.007
39.72175 0.002
39.72752 0.006
39.75571 0.006
39.78092 0.025
39.79435 0.001
39.82059 0.001
39.83534 0.002
39.84579 0.002
39.88114 0.002
39.88750 0.002
39.95655 0.006
40.05496 0.002
40.06065 0.003
40.09625 0.005
40.12239 0.001
40.15824 0.004
40.23723 0.001
40.25010 0.007
40.25345 0.003
40.28022 0.007
40.30772 0.003
40.45947 0.002
40.49002 0.004
40.49430 0.019
40.49855 0.004
40.50432 0.035
40.56160 0.005
40.61636 0.001
40.64347 0.004
40.73806 0.006
40.81660 0.002
40.82076 0.004
40.88712 0.038
40.96460 0.012
40.98239 0.003
41.00008 0.013
41.02024 0.008
41.02297 0.002
41.20006 0.006
41.23880 0.002
41.39328 0.008
41.40163 0.006
41.42752 0.002
41.43282 0.002
41.43302 0.006
41.44335 0.001
41.45934 0.005
41.49942 0.002
41.52486 0.002
41.57950 0.008
41.57962 0.004
41.58734 0.001
41.58973 0.002
41.59073 0.001
41.63714 0.002
41.69071 0.003
41.70732 0.002
41.73013 0.004
41.75302 0.008
41.75684 0.001
41.77470 0.024
41.78134 0.002
41.84755 0.002
41.87203 0.009
41.89976 0.003
41.91707 0.002
41.93976 0.003
41.94628 0.005
41.94996 0.004
41.95135 0.009
42.00515 0.005
42.13669 0.001
42.18481 0.002
42.26802 0.002
42.33589 0.007
42.38264 0.001
42.40194 0.018
42.42651 0.058
42.43261 0.006
42.43494 0.005
42.48990 0.002
42.51346 0.002
42.51946 0.003
42.51985 0.005
42.53583 0.048
42.55099 0.025
42.55158 0.003
42.55626 0.024
42.59762 0.003
42.59899 0.037
42.65927 0.002
42.67237 0.005
42.71570 0.001
42.72036 0.002
42.72382 0.024
42.77156 0.012
42.77375 0.003
42.83922 0.002
42.90285 0.006
42.91333 0.012
42.94615 0.008
43.01518 0.018
43.06629 0.003
43.08176 0.004
43.08208 0.020
43.10949 0.007
43.13648 0.013
43.14523 0.013
43.22414 0.011
43.37226 0.005
43.37827 0.021
43.45132 0.002
43.46689 0.003
43.47001 0.010
43.58241 0.002
43.59311 0.002
43.60259 0.008
43.62064 0.002
43.64547 0.007
43.68180 0.001
43.70721 0.002
43.77902 0.021
43.79412 0.001
43.80216 0.006
43.81326 0.010
43.81573 0.001
43.81701 0.002
43.81772 0.003
43.84404 0.004
43.87122 0.001
43.88819 0.006
43.90990 0.016
43.94076 0.003
44.04917 0.005
44.05073 0.012
44.06386 0.004
44.09740 0.004
44.13116 0.002
44.14869 0.007
44.16111 0.010
44.28652 0.005
44.29288 0.002
44.31445 0.016
44.35049 0.004
44.36812 0.005
44.37210 0.003
44.38683 0.004
44.40205 0.001
44.40405 0.002
44.46421 0.002
44.48262 0.003
44.52279 0.004
44.60351 0.002
44.61800 0.015
44.69504 0.010
44.72589 0.001
44.74214 0.016
44.74413 0.011
44.75624 0.005
44.86839 0.002
44.94337 0.003
44.96075 0.003
44.96750 0.003
44.97344 0.006
44.99866 0.003
45.00811 0.004
45.08306 0.001
45.17778 0.030
45.18941 0.002
45.19114 0.001
45.19571 0.002
45.23543 0.002
45.25184 0.002
45.25919 0.004
45.27740 0.009
45.29963 0.012
45.31455 0.001
45.38072 0.002
45.38164 0.009
45.41755 0.006
45.42738 0.002
45.46575 0.002
45.46636 0.013
45.49499 0.002
45.52077 0.002
45.53592 0.001
45.54317 0.001
45.55663 0.001
45.65334 0.004
45.66068 0.001
45.72469 0.005
45.77258 0.006
45.79228 0.001
45.81924 0.009
45.83517 0.001
45.89652 0.002
45.89973 0.002
45.91079 0.003
45.98652 0.005
46.02700 0.002
46.10075 0.001
46.13371 0.001
46.17328 0.006
46.17505 0.010
46.19971 0.002
46.21248 0.006
46.24158 0.004
46.27576 0.006
46.30190 0.006
46.30750 0.004
46.32749 0.005
46.37704 0.020
46.39616 0.018
46.50179 0.009
46.51332 0.002
46.54226 0.014
46.58128 0.003
46.60899 0.001
46.63010 0.002
46.64019 0.005
46.64034 0.001
46.64933 0.002
46.65952 0.002
46.66238 0.002
46.67185 0.003
46.69888 0.003
46.71125 0.005
46.72002 0.004
46.72810 0.008
46.73691 0.008
46.81340 0.002
46.86404 0.002
46.86490 0.001
46.90763 0.004
46.91528 0.001
46.92906 0.002
46.94183 0.005
46.94211 0.005
46.94907 0.004
46.96807 0.001
46.98200 0.001
46.99165 0.006
47.03238 0.005
47.03805 0.002
47.04062 0.005
47.05556 0.005
47.13254 0.001
47.17133 0.002
47.17758 0.003
47.18930 0.003
47.21089 0.003
47.21471 0.001
47.23782 0.002
47.28860 0.002
47.29436 0.015
47.32521 0.002
47.34044 0.003
47.34532 0.008
47.37199 0.001
47.39303 0.008
47.40455 0.004
47.42524 0.002
47.42540 0.002
47.44505 0.002
47.47212 0.004
47.56249 0.003
47.56856 0.001
47.59438 0.006
47.60824 0.003
47.62497 0.004
47.63148 0.002
47.66774 0.002
47.68485 0.012
47.74022 0.002
47.75991 0.006
47.78824 0.006
47.83961 0.003
47.85010 0.002
47.87716 0.007
47.90619 0.003
47.90922 0.003
47.95630 0.003
47.95730 0.001
47.97137 0.003
47.98073 0.011
47.98829 0.003
48.00419 0.025
48.02948 0.001
48.03549 0.002
48.04185 0.001
48.06277 0.005
48.09489 0.006
48.10562 0.013
48.11271 0.004
48.13858 0.002
48.14423 0.002
48.24578 0.002
48.28576 0.003
48.29440 0.002
48.30238 0.005
48.30950 0.015
48.32064 0.003
48.37939 0.003
48.39565 0.003
48.39932 0.005
48.47354 0.002
48.47592 0.003
48.48364 0.002
48.53670 0.004
48.54005 0.002
48.55387 0.007
48.55662 0.006
48.59987 0.001
48.62072 0.007
48.63569 0.008
48.65896 0.014
48.67775 0.001
48.67856 0.002
48.68367 0.002
48.68473 0.014
48.71747 0.008
48.71860 0.009
48.71941 0.011
48.74871 0.003
48.76075 0.004
48.77830 0.007
48.77859 0.003
48.78938 0.003
48.79466 0.002
48.79731 0.002
48.80306 0.004
48.80805 0.003
48.89406 0.001
48.92689 0.022
48.94301 0.002
48.97050 0.006
48.97638 0.019
49.03206 0.001
49.03444 0.007
49.03473 0.001
49.03872 0.002
49.04173 0.004
49.04309 0.002
49.04574 0.005
49.06943 0.005
49.07736 0.003
49.09048 0.001
49.15103 0.003
49.15644 0.001
49.19899 0.005
49.20914 0.003
49.23444 0.013
49.23734 0.010
49.24244 0.002
49.25132 0.003
49.26337 0.006
49.28417 0.004
49.31589 0.003
49.31642 0.002
49.36572 0.016
49.37608 0.001
49.40773 0.019
49.41483 0.008
49.41910 0.001
49.42614 0.006
49.42674 0.001
49.48945 0.002
49.51033 0.008
49.51311 0.008
49.52881 0.003
49.53500 0.001
49.55408 0.004
49.59105 0.003
49.59322 0.004
49.62679 0.007
49.62725 0.002
49.63245 0.003
49.63995 0.006
49.69023 0.002
49.69486 0.007
49.69553 0.003
49.72295 0.005
49.81225 0.007
49.82025 0.002
49.83257 0.002
49.84148 0.003
49.89498 0.002
49.95429 0.001
49.96950 0.002
49.99627 0.001
49.99737 0.019
50.02334 0.005
50.03036 0.009
50.04122 0.003
50.10506 0.002
50.17037 0.003
50.20161 0.001
50.21285 0.001
50.21444 0.003
50.24793 0.003
50.26577 0.002
50.26792 0.001
50.28425 0.007
50.33224 0.001
50.33511 0.003
50.37919 0.010
50.38440 0.003
50.43490 0.004
50.45019 0.001
50.48008 0.010
50.54871 0.004
50.58785 0.001
50.61279 0.003
50.62502 0.005
50.65000 0.006
50.65393 0.009
50.65574 0.003
50.66492 0.007
50.67830 0.003
50.68535 0.002
50.70139 0.004
50.73199 0.002
50.75922 0.004
50.77432 0.007
50.77776 0.001
50.81662 0.002
50.82250 0.002
50.82262 0.005
50.84933 0.002
50.89886 0.002
50.90236 0.011
50.96596 0.016
50.98803 0.002
50.98917 0.002
50.99970 0.004
51.00942 0.004
51.04287 0.006
51.05462 0.011
51.06130 0.001
51.08357 0.004
51.10654 0.014
51.11822 0.006
51.14782 0.002
51.16194 0.002
51.16207 0.002
51.16993 0.002
51.17056 0.005
51.20891 0.002
51.21489 0.002
51.23701 0.001
51.25952 0.015
51.28886 0.003
51.30171 0.009
51.30519 0.001
51.30698 0.002
51.31929 0.004
51.32075 0.002
51.32199 0.006
51.33482 0.007
51.34880 0.011
51.36041 0.001
51.36107 0.003
51.40644 0.001
51.43020 0.001
51.47412 0.003
51.48860 0.002
51.50711 0.004
51.52766 0.007
51.55430 0.009
51.56449 0.002
51.58374 0.001
51.58484 0.004
51.59875 0.007
51.61710 0.004
51.63847 0.003
51.64287 0.004
51.64364 0.002
51.67754 0.003
51.71506 0.002
51.72571 0.002
51.72655 0.002
51.74307 0.001
51.83862 0.007
51.87010 0.004
51.88678 0.005
51.91863 0.001
51.92602 0.001
51.92714 0.011
51.93182 0.002
51.94747 0.002
51.95901 0.011
51.99449 0.001
52.01567 0.003
52.10095 0.001
52.16264 0.009
52.16699 0.012
52.17199 0.002
52.20158 0.004
52.20672 0.002
52.24861 0.002
52.35328 0.003
52.36723 0.003
52.36870 0.008
52.38085 0.003
52.40134 0.001
52.41638 0.007
52.43025 0.004
52.47157 0.001
52.49067 0.002
52.54720 0.003
52.55663 0.002
52.55897 0.008
52.56048 0.004
52.64149 0.004
52.65543 0.005
52.65883 0.003
52.66390 0.001
52.67997 0.002
52.69640 0.002
52.71790 0.002
52.71877 0.001
52.76192 0.002
52.77430 0.002
52.78419 0.002
52.78621 0.001
52.83880 0.003
52.84521 0.006
52.86326 0.005
52.86654 0.001
52.87539 0.002
52.94233 0.005
52.95550 0.006
53.00882 0.001
53.01213 0.006
53.08258 0.004
53.10025 0.002
53.14655 0.009
53.18283 0.005
53.25164 0.006
53.25436 0.001
53.29961 0.001
53.35164 0.002
53.36503 0.007
53.36532 0.007
53.39222 0.020
53.40140 0.005
53.43162 0.001
53.47898 0.003
53.54056 0.003
53.58473 0.001
53.61910 0.002
53.67098 0.002
53.70986 0.004
53.76303 0.001
53.76470 0.007
53.78065 0.002
53.81651 0.003
53.81670 0.010
53.87049 0.002
53.87163 0.003
53.88523 0.006
53.88584 0.002
53.89307 0.001
53.92559 0.001
53.94282 0.002
53.94435 0.002
53.94878 0.006
53.98449 0.002
54.00086 0.009
54.00427 0.002
54.00664 0.012
54.03030 0.003
54.03150 0.001
54.05397 0.002
54.07834 0.001
54.08323 0.002
54.10046 0.008
54.12392 0.002
54.13718 0.002
54.14346 0.001
54.14926 0.002
54.15677 0.001
54.18716 0.002
54.20966 0.001
54.21446 0.004
54.23662 0.001
54.24721 0.001
54.27563 0.001
54.29813 0.002
54.32373 0.010
54.32472 0.004
54.34107 0.001
54.34133 0.001
54.35730 0.004
54.35795 0.009
54.40655 0.002
54.41541 0.001
54.44673 0.002
54.45781 0.003
54.49283 0.002
54.50825 0.001
54.55531 0.003
54.56210 0.002
54.59564 0.001
54.60201 0.004
54.63984 0.004
54.64035 0.007
54.64968 0.004
54.67401 0.003
54.68859 0.002
54.69524 0.001
54.76108 0.001
54.76615 0.001
54.77871 0.003
54.79214 0.021
54.79532 0.004
54.80836 0.003
54.80841 0.007
54.82684 0.003
54.86657 0.003
54.87743 0.002
54.92298 0.002
55.01057 0.003
55.02545 0.004
55.02824 0.003
55.02890 0.006
55.03196 0.001
55.05949 0.003
55.13280 0.003
55.14712 0.001
55.15049 0.002
55.16050 0.003
55.18844 0.003
55.20307 0.012
55.20968 0.002
55.21884 0.001
55.24131 0.001
55.35810 0.001
55.36235 0.002
55.40802 0.003
55.41949 0.005
55.45482 0.002
55.47736 0.008
55.49630 0.004
55.55521 0.004
55.56058 0.001
55.59167 0.002
55.61791 0.001
55.62678 0.002
55.69423 0.001
55.70796 0.001
55.72349 0.002
55.72797 0.001
55.74834 0.004
55.76482 0.003
55.76907 0.001
55.78732 0.002
55.79224 0.009
55.83496 0.003
55.91407 0.002
55.92568 0.002
55.92826 0.002
55.92857 0.001
55.95526 0.004
55.99204 0.002
56.01392 0.004
56.06316 0.002
56.09456 0.004
56.10394 0.004
56.12442 0.001
56.13212 0.002
56.14134 0.002
56.17509 0.005
56.17890 0.002
56.22447 0.002
56.23499 0.002
56.27133 0.001
56.32046 0.002
56.33782 0.002
56.38178 0.002
56.38550 0.001
56.39021 0.005
56.39171 0.002
56.40594 0.001
56.46372 0.001
56.47959 0.002
56.48368 0.013
56.49766 0.001
56.55283 0.001
56.58477 0.002
56.62537 0.001
56.64016 0.002
56.69260 0.002
56.69383 0.001
56.74459 0.002
56.79411 0.004
56.81509 0.002
56.83465 0.002
56.85136 0.003
56.86440 0.001
56.94870 0.003
56.96898 0.003
56.97112 0.001
56.98287 0.001
57.02496 0.003
57.05585 0.003
57.06833 0.002
57.08109 0.001
57.10100 0.006
57.17435 0.001
57.18309 0.002
57.23598 0.002
57.25934 0.001
57.29146 0.005
57.31087 0.001
57.31949 0.001
57.36234 0.002
57.36483 0.003
57.36776 0.003
57.38287 0.005
57.40950 0.003
57.44033 0.001
57.44433 0.001
57.46982 0.002
57.47911 0.005
57.48981 0.005
57.49920 0.002
57.51073 0.001
57.52602 0.002
57.53916 0.002
57.54428 0.003
57.60568 0.003
57.62812 0.001
57.62956 0.002
57.64789 0.003
57.65025 0.002
57.72587 0.002
57.73227 0.003
57.77211 0.002
57.78337 0.007
57.80543 0.002
57.81133 0.001
57.83545 0.001
57.86282 0.003
57.86733 0.001
57.89764 0.004
57.90641 0.002
57.91300 0.001
57.93500 0.008
58.00462 0.003
58.04551 0.001
58.04631 0.006
58.05105 0.002
58.06426 0.002
58.13872 0.002
58.15354 0.002
58.17557 0.001
58.22818 0.001
58.23167 0.005
58.26343 0.001
58.27511 0.001
58.31883 0.008
58.41091 0.004
58.47375 0.002
58.55534 0.003
58.56429 0.002
58.57740 0.003
58.58871 0.002
58.63135 0.001
58.63766 0.004
58.65058 0.001
58.66030 0.002
58.69751 0.005
58.71542 0.002
58.75558 0.002
58.78800 0.003
58.80266 0.001
58.82430 0.003
58.82812 0.002
58.87044 0.002
58.89487 0.002
58.90342 0.001
59.06054 0.001
59.10057 0.006
59.11330 0.003
59.15432 0.002
59.18385 0.002
59.18561 0.001
59.19174 0.003
59.19280 0.001
59.19390 0.001
59.21773 0.003
59.23052 0.001
59.24351 0.002
59.30742 0.002
59.32093 0.002
59.33842 0.002
59.34451 0.001
59.37713 0.001
59.39554 0.001
59.43697 0.001
59.45245 0.002
59.45317 0.005
59.63691 0.001
59.64744 0.003
59.68762 0.001
59.69061 0.001
59.69887 0.004
59.72184 0.001
59.72953 0.001
59.72990 0.002
59.79033 0.002
59.79273 0.001
59.80216 0.001
59.81000 0.001
59.82951 0.001
59.83442 0.004
59.83496 0.002
59.83506 0.003
59.84725 0.004
59.90908 0.002
