7.07572 100.000
7.08154 99.864
7.88324 78.807
11.77340 4.822
13.22078 3.789
13.23019 3.822
14.17860 6.596
14.19032 6.591
15.80410 4.428
18.13585 1.285
18.14276 1.283
19.74410 0.892
19.76108 0.899
20.65733 0.859
20.66749 0.871
21.33676 0.350
21.35450 0.348
23.67343 0.052
23.70845 2.252
23.80185 0.359
24.42725 5.198
24.46629 0.808
24.48199 0.832
24.98090 0.044
24.99449 0.044
25.06085 0.520
25.07281 0.534
25.60182 0.073
26.40783 4.417
26.42567 4.402
26.53438 0.568
26.56026 0.580
26.62177 0.023
26.64098 0.023
26.65882 0.054
26.68280 0.052
27.18007 1.340
27.21167 1.346
27.56702 28.057
28.04105 0.042
28.04877 0.040
28.25409 0.065
28.27246 0.066
28.47595 0.033
28.48648 0.031
28.58029 0.021
28.60428 0.020
29.74490 0.052
29.78419 0.051
29.98199 0.233
29.98916 0.233
30.05061 0.485
30.08517 0.466
30.24593 0.017
30.27610 0.015
30.43593 2.162
30.45443 2.175
31.38205 0.161
31.42775 0.155
31.91926 0.034
31.98934 0.173
32.00035 0.173
32.07600 0.047
32.09626 0.046
32.48284 1.783
32.79659 0.158
32.81097 0.047
32.81502 0.048
32.81670 0.156
33.17225 0.178
33.19978 0.178
33.80398 0.034
33.83493 0.034
34.12083 0.154
34.14129 0.154
34.25018 0.036
34.30147 0.038
34.64494 0.276
34.68043 0.278
34.88675 0.252
34.93588 0.245
35.13289 0.038
35.15996 0.031
35.16312 0.039
35.83954 0.099
35.91964 0.277
35.93806 0.291
35.94259 0.034
35.97314 0.034
36.54140 0.023
36.55224 0.024
36.61887 0.013
36.67687 0.013
36.74704 0.240
36.76143 0.241
37.01997 0.088
37.03092 0.088
37.19946 0.214
37.20436 0.214
38.27154 0.222
38.29036 0.221
38.35275 0.022
38.40513 0.021
38.58040 0.122
38.75694 0.013
38.79305 0.628
38.79426 0.629
38.79740 0.013
39.37515 0.617
39.40229 0.617
39.67292 0.093
39.73505 0.092
39.82952 0.082
39.88012 0.081
40.10695 0.170
40.14258 0.169
40.20491 0.025
40.40657 0.060
40.43645 0.060
40.45664 0.053
40.49215 0.055
40.55753 0.004
40.61957 0.004
40.84242 0.560
40.87018 0.558
41.15204 0.514
41.19020 0.512
41.66359 1.603
42.02711 0.151
42.04854 0.152
42.27128 0.103
42.27874 0.103
42.38904 0.082
42.40720 0.086
42.49369 0.105
42.49708 0.105
42.58310 0.068
42.65232 0.068
42.82376 0.107
42.83246 0.107
43.40071 0.419
43.44592 0.054
43.44605 0.054
43.45121 0.416
43.46189 1.357
43.49944 1.351
43.81946 0.124
43.85005 0.049
43.87180 0.049
43.88200 0.123
44.41308 0.047
44.42878 0.046
44.54445 1.196
44.58164 1.193
44.85162 0.380
44.86281 0.380
45.49153 0.084
45.61501 0.024
45.61596 0.024
45.73443 0.006
45.76657 0.039
45.79878 0.005
45.83537 0.015
45.83901 0.039
45.88655 0.014
46.84368 0.018
46.88684 0.019
46.91772 0.017
46.92123 0.019
47.16057 0.017
47.16886 0.066
47.18441 0.017
47.20798 0.066
47.35720 0.041
47.40109 0.040
48.16422 0.056
48.19600 0.056
48.44065 0.014
48.47772 0.016
48.47796 0.016
48.51582 0.013
48.71640 0.858
48.71884 0.013
48.75863 0.007
48.76466 0.012
48.77497 0.006
48.84547 0.029
48.87733 0.339
48.90590 0.030
49.10001 0.083
49.18007 0.083
49.18109 0.010
49.22795 0.010
49.41678 0.019
49.43107 0.020
49.53280 0.051
49.55084 0.054
49.57688 0.004
49.59484 0.003
49.88719 0.005
49.93822 0.059
50.01079 0.058
50.06275 0.193
50.09046 0.029
50.12062 0.028
50.14698 0.019
50.18086 0.020
50.29022 0.032
50.31261 0.031
50.92421 0.295
50.95696 0.294
51.18359 0.281
51.22871 0.281
51.43268 0.055
51.45860 0.055
51.46664 0.204
51.47868 0.206
51.59892 0.070
51.63577 0.074
51.69176 0.072
51.71107 0.075
51.87556 0.023
51.87960 0.007
51.92241 0.022
51.94548 0.008
52.20885 0.013
52.28628 0.013
52.39361 0.043
52.47639 0.043
52.50692 0.023
52.54794 0.022
52.60726 0.631
52.65663 0.035
52.70823 0.035
52.88874 0.325
53.03015 0.014
53.08348 0.024
53.08612 0.024
53.44860 0.009
53.46021 0.009
53.63000 0.184
53.71584 0.183
53.97597 0.018
53.99499 0.018
54.09880 0.024
54.12028 0.023
54.36610 0.111
54.40516 0.112
54.47494 0.045
54.50667 0.028
54.50964 0.045
54.54203 0.029
54.64323 0.058
54.64487 0.017
54.68709 0.017
54.69464 0.012
54.69996 0.057
54.75836 0.013
54.79610 0.017
54.80587 0.017
54.83479 0.006
54.87691 0.006
54.91603 0.002
54.96863 0.002
55.00040 0.003
55.00719 0.003
55.02123 0.004
55.02534 0.004
55.11924 0.336
55.13263 0.004
55.13946 0.333
55.14051 0.004
55.56173 0.019
55.60392 0.019
55.90981 0.042
55.95875 0.042
56.06160 0.002
56.08564 0.020
56.13120 0.002
56.17676 0.021
56.53997 0.181
56.54296 0.019
56.59713 0.019
56.60075 0.009
56.67516 0.085
56.68365 0.009
56.91516 1.819
57.35928 0.004
57.37723 0.004
57.52499 0.172
57.76217 0.147
57.80973 0.085
57.83479 0.147
57.83729 0.085
57.98883 0.011
58.04753 0.010
58.32202 0.057
58.35169 0.015
58.36269 0.054
58.41541 0.014
58.43754 0.014
58.44849 0.002
58.47837 0.014
58.48794 0.119
58.52897 0.001
58.56813 0.118
58.68333 0.006
58.75763 0.007
58.81881 0.034
58.88610 0.034
59.16348 0.071
59.17929 0.398
59.21695 0.071
59.26254 0.018
59.26981 0.395
59.27016 0.018
59.49242 0.001
59.58608 0.001
59.67208 0.152
59.69297 0.155
