6.91459 100.000
6.91541 99.511
7.31447 99.546
11.75123 3.444
12.45834 3.909
12.45972 3.839
13.85451 4.666
13.85617 4.577
14.09022 1.719
14.09048 1.617
14.65895 6.219
15.22704 0.238
15.22755 0.280
16.53189 2.132
16.53281 2.165
17.49978 1.437
17.50001 1.495
18.04553 0.449
18.04649 0.442
18.08367 0.716
18.08472 0.680
18.82699 0.632
18.82945 0.609
19.28210 1.005
19.28360 0.971
19.33524 0.127
19.33624 0.148
19.85379 0.414
19.85516 0.451
20.84596 0.139
20.84847 0.131
21.37480 0.857
21.37678 0.880
21.38770 0.171
21.38896 0.173
21.87531 0.396
21.87582 0.377
22.06459 0.378
22.63471 0.164
22.63576 0.167
23.54476 0.631
23.54672 0.617
23.62836 0.005
24.33785 0.036
24.33994 0.040
24.76498 0.009
24.76687 0.008
25.03804 0.004
25.03929 0.006
25.06707 0.020
25.06988 0.018
25.57845 0.033
25.58188 0.030
25.61949 0.036
25.62179 0.036
25.76150 4.837
26.01156 1.882
26.30429 0.862
26.30435 0.853
26.42047 0.124
26.42298 0.123
26.48131 0.036
26.48287 0.035
27.02075 0.070
27.02106 0.069
27.09875 4.597
27.09925 4.553
27.22406 0.129
27.22707 0.132
27.41058 0.046
27.41199 0.041
27.46020 0.019
27.46163 0.025
27.57429 0.438
27.57466 0.448
27.59536 29.222
28.29426 0.047
28.39930 1.039
28.39984 1.039
28.62812 0.454
28.62841 0.439
28.63508 0.006
28.63702 0.007
29.56491 0.026
29.73302 0.012
29.73593 0.013
29.80560 1.787
29.80645 1.730
30.06875 0.079
30.07126 0.090
30.08441 0.336
30.08570 0.316
30.21780 0.149
30.22096 0.155
30.67279 0.028
30.67351 0.026
30.73159 0.047
30.73264 0.046
31.17438 2.001
31.29149 0.003
31.29166 0.003
31.44140 0.069
31.44538 0.062
31.55030 0.004
31.55169 0.005
31.91295 0.144
31.91595 0.131
31.97179 0.103
31.97307 0.097
31.97685 0.041
31.98011 0.041
32.28250 0.009
32.28619 0.011
32.38196 0.001
32.38291 0.001
32.41769 0.158
32.41828 0.161
32.47624 0.002
32.47906 0.003
32.54746 0.002
32.55187 0.002
32.95016 0.030
32.95140 0.029
33.42100 0.125
33.42289 0.120
33.60041 0.186
33.60277 0.191
33.62436 0.017
33.62839 0.016
33.90330 0.039
33.90489 0.037
34.01044 0.199
34.01155 0.187
34.18239 0.004
34.18391 0.004
34.32966 0.044
34.33191 0.040
34.39955 0.089
34.40120 0.085
35.09665 0.044
35.09817 0.002
35.09857 0.038
35.10247 0.002
35.12928 0.029
35.13217 0.029
35.16443 0.032
35.16541 0.032
35.23626 0.004
35.23715 0.004
35.42524 0.003
35.42573 0.003
35.77000 0.010
35.87709 0.070
35.88081 0.075
36.03330 0.206
36.35141 0.041
36.35528 0.043
36.53985 0.090
36.54262 0.106
36.55912 0.033
36.56111 0.035
36.62482 0.230
36.62904 0.236
36.63848 0.002
36.64066 0.001
37.18401 0.013
37.18579 0.011
37.19732 0.025
37.31288 0.018
37.99374 0.014
37.99808 0.011
38.02622 0.011
38.02856 0.011
38.09130 0.046
38.09432 0.044
38.18227 0.177
38.18261 0.177
38.18773 0.026
38.19285 0.020
38.24690 0.077
38.25105 0.088
38.46956 0.070
38.47113 0.071
38.55043 0.053
38.55191 0.080
38.67064 0.032
38.67548 0.034
38.71267 0.689
38.71691 0.685
38.84551 0.087
38.84930 0.099
39.13903 0.173
39.14102 0.041
39.14217 0.157
39.14371 0.038
39.15868 0.074
39.16170 0.079
39.25024 0.116
39.25234 0.106
39.29648 0.097
39.29777 0.089
39.38503 0.541
39.38724 0.530
39.43499 0.019
39.43500 0.020
39.48613 0.024
39.48942 0.022
39.54392 0.010
39.54422 0.007
39.58313 0.001
39.58335 0.002
40.13949 0.003
40.14124 0.003
40.22116 0.182
40.22450 0.179
40.33709 0.010
40.33998 0.006
40.39446 0.035
40.39953 0.035
40.47723 0.006
40.47854 0.006
40.65597 0.512
40.65714 0.492
40.70677 0.054
40.70705 0.046
40.77507 0.002
41.09224 0.026
41.09283 0.022
41.31160 0.038
41.31192 0.042
41.33162 0.002
41.33321 0.003
41.52104 0.057
41.52191 0.052
41.53030 0.555
41.53194 0.529
41.74402 0.002
41.79972 0.086
41.97171 1.455
41.97557 1.413
42.09979 0.001
42.10295 0.001
42.16411 0.046
42.16514 0.046
42.21909 0.098
42.22401 0.102
42.25510 0.077
42.25923 0.084
42.42492 0.187
42.43020 0.226
42.74733 0.001
42.75004 0.004
42.94772 0.026
42.95133 0.024
43.07770 0.013
43.07773 0.011
43.17876 0.015
43.17960 0.015
43.25339 1.440
43.28672 0.004
43.28761 0.006
43.28927 0.420
43.29415 0.414
43.41013 0.055
43.41543 0.054
43.51569 0.018
43.51866 0.021
43.53432 0.024
43.53733 0.024
43.54239 0.002
43.54658 0.003
43.68964 0.071
43.69105 0.064
43.95437 0.148
43.95522 0.147
44.07662 0.057
44.07726 0.057
44.21478 0.039
44.21806 0.034
44.32658 0.030
44.32746 0.028
44.48835 0.028
44.48969 0.027
44.54031 0.003
44.54595 0.002
44.55804 0.071
44.56348 0.077
44.60313 0.019
44.60422 0.019
44.62322 0.016
44.62488 0.012
44.64088 0.013
44.64466 0.009
44.75863 0.049
44.75924 0.056
44.84635 0.049
44.85083 0.051
44.97732 0.037
44.97976 0.035
44.99500 0.061
44.99759 0.060
45.00510 1.220
45.03243 0.027
45.03704 0.021
45.31537 0.004
45.31974 0.004
45.36827 0.003
45.36970 0.003
45.45013 0.325
45.45613 0.333
45.75119 0.020
45.75646 0.019
45.76299 0.004
45.76571 0.003
45.91989 0.003
45.92146 0.004
45.95826 0.001
45.95877 0.002
46.17775 0.007
46.18255 0.007
46.20278 0.012
46.20600 0.011
46.21860 0.121
46.22083 0.146
46.29775 0.034
46.30094 0.039
46.49187 0.037
46.49326 0.043
46.50781 0.011
46.50839 0.010
46.67738 0.020
46.68064 0.017
46.69824 0.023
46.69983 0.024
46.84032 0.011
46.84198 0.013
46.88284 0.019
46.88415 0.019
47.06183 0.004
47.06279 0.048
47.06466 0.049
47.06832 0.005
47.18359 0.037
47.18797 0.037
47.28664 0.029
47.28746 0.042
47.31360 0.095
47.31599 0.091
47.47052 0.910
47.47668 0.886
47.94391 0.014
47.94497 0.013
48.16458 0.010
48.16879 0.012
48.24030 0.009
48.31305 0.109
48.31468 0.107
48.34393 0.013
48.52241 0.013
48.52788 0.014
48.65075 0.014
48.65481 0.012
48.68305 0.007
48.68564 0.005
48.83185 0.017
48.83352 0.027
48.89332 0.003
48.89703 0.003
49.11461 0.227
49.11952 0.213
49.18229 0.001
49.38636 0.004
49.38806 0.004
49.59741 0.010
49.60279 0.010
49.71480 0.002
49.71485 0.002
49.80507 0.002
49.80632 0.003
49.82918 0.032
49.83070 0.343
49.83210 0.028
49.83822 0.015
49.83848 0.013
49.86993 0.003
49.87444 0.003
49.93851 0.129
49.94484 0.142
50.30298 0.017
50.30503 0.016
50.47434 0.035
50.47668 0.041
50.48878 0.005
50.49046 0.005
50.51627 0.023
50.52223 0.022
50.58643 0.007
50.58796 0.008
50.74981 0.005
50.75162 0.007
50.83641 0.267
50.83773 0.260
51.09329 0.032
51.09921 0.034
51.10069 0.015
51.10371 0.033
51.10621 0.020
51.27453 0.063
51.27710 0.064
51.30436 0.027
51.31111 0.027
51.46258 0.007
51.46484 0.006
51.67781 0.027
51.68332 0.031
51.91341 0.002
51.91707 0.002
51.94809 0.036
51.95286 0.036
51.95848 0.026
51.96225 0.026
52.05244 0.012
52.05398 0.011
52.51114 0.096
52.51438 0.108
52.57212 0.010
52.57933 0.009
52.95486 0.165
53.02951 0.058
53.02971 0.055
53.04023 0.251
53.07905 0.014
53.08543 0.013
53.11539 0.028
53.11791 0.027
53.30239 0.002
53.30244 0.001
53.36105 0.008
53.36535 0.007
53.50003 0.006
53.54723 0.040
53.55088 0.043
53.63042 0.003
53.63206 0.004
53.69565 0.020
53.69709 0.019
53.73931 0.014
53.74520 0.015
53.81536 0.127
53.81604 0.130
53.83263 0.015
53.83597 0.016
53.91812 0.097
53.91856 0.096
54.13955 0.014
54.13969 0.014
54.30551 0.483
54.30629 0.469
54.39377 0.012
54.39926 0.010
54.41980 0.296
54.44462 0.073
54.44524 0.074
54.47548 0.038
54.47761 0.038
54.65348 0.010
54.66112 0.012
54.72459 0.009
54.72489 0.010
54.72780 0.008
54.73313 0.008
54.77215 0.001
54.84493 0.121
54.85225 0.111
54.97975 0.009
54.98009 0.009
55.00144 0.004
55.00253 0.004
55.23154 0.007
55.25331 0.004
55.26015 0.004
55.26069 0.017
55.26410 0.019
55.40318 0.005
55.40912 0.005
55.48663 0.003
55.52646 0.009
55.53127 0.010
55.88257 0.117
55.88366 0.115
55.92545 0.010
55.92765 0.010
55.93018 0.397
55.93085 0.392
55.93284 0.005
55.93710 0.004
55.97957 0.007
55.98013 0.007
56.15850 0.064
56.16513 0.077
56.24280 0.005
56.24296 0.004
56.25911 0.012
56.26263 0.013
56.55925 0.031
56.56528 0.026
56.56974 0.008
56.57286 0.007
56.67641 0.005
56.67814 0.006
56.67925 0.053
56.68240 0.048
56.73040 0.005
56.73299 0.006
56.83656 0.001
56.83783 0.001
56.93121 0.015
56.93202 0.013
56.94179 0.099
56.96158 0.016
56.96414 0.017
56.97777 1.779
57.03465 0.012
57.03932 0.013
57.23822 0.108
57.23874 0.105
57.35026 0.002
57.35305 0.002
57.51837 0.008
57.52013 0.007
57.61582 0.017
57.61667 0.017
57.68930 0.057
57.69679 0.060
57.70623 0.001
58.04383 0.009
58.05096 0.008
58.17727 0.003
58.18362 0.002
58.39792 0.037
58.39944 0.033
58.47051 0.007
58.47078 0.008
58.50559 0.002
58.51232 0.002
58.52683 0.412
58.60321 0.001
58.61381 0.001
58.61734 0.001
58.69189 0.004
58.69345 0.004
58.78208 0.015
58.78401 0.013
58.98990 0.095
58.99077 0.088
59.09946 0.047
59.10426 0.045
59.26571 0.147
59.26735 0.140
59.28560 0.053
59.28994 0.057
59.50425 0.002
59.50929 0.002
59.61639 0.116
59.61806 0.110
59.85659 0.014
59.85974 0.014
59.92390 0.017
59.92514 0.017
