6.78548 100.000
6.78561 99.984
6.78595 99.932
11.76648 17.448
11.76707 17.446
11.76729 17.445
13.59490 7.044
13.59516 7.035
13.59584 7.048
16.26456 41.283
16.26463 83.177
16.26466 41.483
16.26477 41.387
16.26481 41.596
18.01613 1.147
18.01628 1.147
18.01678 1.147
18.01717 1.147
18.01731 1.145
18.01756 1.145
20.12148 7.459
20.12159 7.443
20.12170 7.435
20.12174 7.464
20.12214 7.469
20.12222 7.424
20.45298 1.161
20.45337 1.161
20.45439 1.162
23.37137 1.621
23.37149 1.757
23.37151 1.666
23.37159 1.709
23.37187 1.626
23.37200 1.748
23.37224 3.371
23.37229 1.655
23.37240 1.720
23.37252 1.619
23.37256 1.758
23.65936 0.198
23.66055 0.197
23.66101 0.197
24.64031 0.048
24.64060 0.048
24.64098 0.048
24.64153 0.048
24.64203 0.048
24.64229 0.048
27.38602 0.012
27.38655 0.012
27.38794 0.012
28.84517 0.094
28.84530 0.095
28.84544 0.088
28.84552 0.101
28.84574 0.090
28.84588 0.099
28.84627 0.099
28.84629 0.091
28.84666 0.086
28.84678 0.104
28.84691 0.099
28.84697 0.090
29.78076 80.184
29.89765 0.213
29.89781 0.213
29.89893 0.213
29.89948 0.213
29.89957 0.213
29.89997 0.213
30.57905 2.204
30.57910 2.224
30.57912 4.484
30.57917 2.213
30.57922 2.238
31.25006 0.013
31.25020 0.020
31.25057 0.015
31.25062 0.017
31.25178 0.013
31.25187 0.019
31.47067 0.175
31.47111 0.175
31.47136 0.175
31.47206 0.176
31.47294 0.175
31.47320 0.175
32.12180 1.297
32.12190 1.408
32.12202 1.289
32.12214 1.418
32.12215 1.331
32.12217 1.391
32.86887 0.493
32.86901 0.492
32.86902 0.491
32.86907 0.495
32.86929 0.496
32.86939 0.490
33.49844 0.464
33.49857 0.426
33.49859 0.439
33.49869 0.449
33.49958 0.459
33.49973 0.430
33.50009 0.446
33.50022 0.874
33.50024 0.457
33.50057 0.463
33.50062 0.427
34.42297 0.030
34.42365 0.031
34.42540 0.030
35.02491 0.139
35.02502 0.148
35.02507 0.165
35.02513 0.156
35.02525 0.140
35.02542 0.163
35.02555 0.449
35.02570 0.157
35.02572 0.139
35.02579 0.164
35.81783 0.364
35.81967 0.364
35.82037 0.364
36.40011 0.160
36.40031 0.226
36.40041 0.177
36.40047 0.205
36.40098 0.165
36.40111 0.220
36.49798 0.223
36.49829 0.222
36.49932 0.222
36.50014 0.221
36.50043 0.223
36.50094 0.223
37.63931 0.063
37.63947 0.065
37.63999 0.063
37.64004 0.065
37.64159 0.063
37.64169 0.065
38.38273 0.035
38.38289 0.060
38.38348 0.032
38.38368 0.063
38.38385 0.043
38.38389 0.049
38.47654 0.609
38.47713 0.609
38.47724 0.609
38.47810 0.609
38.47936 0.608
38.47963 0.608
39.02453 0.013
39.02473 0.013
39.02476 0.011
39.02488 0.015
39.02496 0.012
39.02518 0.014
39.02543 0.014
39.02545 0.012
39.02568 0.011
39.02586 0.015
39.02589 0.014
39.02599 0.012
39.56867 0.508
39.56881 0.493
39.56898 0.491
39.56907 0.507
39.56991 0.504
39.57007 0.495
39.57075 0.998
39.57095 0.494
39.57109 0.505
39.57147 0.512
39.57153 0.488
40.89955 0.001
41.42288 1.404
41.42303 1.379
41.42347 1.384
41.42353 1.400
41.42355 1.396
41.42370 1.382
41.42441 1.405
41.42444 1.374
41.42555 1.393
41.42567 1.392
41.42582 1.409
41.42591 1.377
41.59663 5.814
41.59745 5.819
41.59961 5.814
42.19710 0.097
42.19726 0.097
42.19906 0.097
42.19963 0.097
42.19996 0.097
42.20038 0.097
42.70540 0.068
42.70553 0.061
42.70560 0.057
42.70570 0.064
42.70632 0.067
42.70656 0.059
42.70673 0.063
42.70690 0.059
42.70692 0.067
42.70696 0.062
42.70717 0.068
42.70724 0.057
43.37875 0.194
43.37921 0.194
43.38014 0.193
43.38114 0.194
43.38182 0.193
43.38235 0.193
43.87602 0.071
43.87625 0.058
43.87640 0.067
43.87653 0.134
43.87678 0.057
43.87716 0.066
43.87720 0.064
43.87774 0.072
43.87794 0.059
43.87798 0.068
43.87810 0.061
44.94198 0.233
44.94211 0.225
44.94214 0.221
44.94225 0.235
44.94382 0.229
44.94398 0.227
44.94437 0.223
44.94452 0.233
44.94476 0.220
44.94477 0.236
44.94514 0.236
44.94518 0.222
45.66844 0.018
45.66916 0.018
45.66919 0.019
45.67018 0.018
45.67185 0.018
45.67213 0.018
45.90551 1.502
45.90556 1.520
45.90558 3.081
45.90560 1.511
45.90565 1.538
46.14618 0.009
46.14644 0.010
46.14679 0.009
46.14688 0.010
46.14813 0.009
46.14830 0.010
47.24886 0.132
47.24906 0.128
47.25029 0.132
47.25055 0.127
47.25096 0.131
47.25101 0.129
47.55900 0.340
47.55913 0.338
47.55915 0.337
47.55918 0.342
47.55932 0.342
47.55943 0.335
47.79295 0.085
47.79319 0.080
47.79323 0.079
47.79340 0.084
47.79401 0.083
47.79428 0.080
47.79480 0.163
47.79492 0.080
47.79516 0.084
47.79540 0.086
47.79550 0.078
48.25677 0.045
48.25693 0.045
48.25746 0.045
48.25753 0.046
48.25760 0.045
48.25763 0.044
48.25850 0.044
48.25854 0.046
48.26006 0.045
48.26019 0.044
48.26034 0.044
48.26043 0.045
48.41046 0.051
48.41301 0.051
48.41399 0.051
48.94537 0.304
48.94636 0.304
48.94894 0.303
49.16989 0.116
49.16997 0.128
49.17006 0.150
49.17010 0.138
49.17014 0.117
49.17034 0.148
49.17037 0.125
49.17040 0.265
49.17052 0.116
49.17054 0.141
49.17059 0.150
49.39827 0.239
49.39854 0.231
49.39882 0.233
49.39884 0.238
49.39896 0.237
49.39913 0.232
49.39966 0.240
49.39971 0.230
49.40061 0.234
49.40083 0.234
49.40087 0.240
49.40102 0.229
51.40858 0.745
51.40875 0.754
51.40959 0.747
51.40964 0.749
51.41205 0.747
51.41217 0.753
51.99200 2.412
51.99229 2.399
51.99279 2.411
51.99289 2.405
51.99456 2.411
51.99475 2.401
52.28078 0.012
52.28098 0.009
52.28102 0.012
52.28112 0.025
52.28138 0.014
52.28153 0.014
52.28155 0.011
52.28170 0.009
52.28188 0.014
52.28192 0.016
52.28200 0.010
52.49920 0.044
52.49935 0.040
52.49943 0.041
52.49955 0.045
52.50083 0.043
52.50111 0.042
52.50132 0.041
52.50159 0.044
52.50172 0.040
52.50175 0.046
52.50205 0.045
52.50213 0.040
53.07660 0.073
53.07735 0.073
53.07751 0.073
53.07855 0.073
53.08065 0.073
53.08093 0.073
53.50421 0.086
53.50448 0.087
53.50466 0.083
53.50483 0.090
53.50538 0.084
53.50568 0.089
53.50638 0.088
53.50639 0.084
53.50685 0.083
53.50710 0.089
53.50736 0.087
53.50749 0.085
55.05892 0.004
55.05909 0.004
55.06164 0.004
55.06224 0.004
55.06285 0.004
55.06328 0.004
55.26604 0.078
55.26616 0.066
55.26629 0.060
55.26636 0.070
55.26679 0.075
55.26709 0.061
55.26714 0.069
55.26732 0.062
55.26734 0.075
55.26741 0.068
55.26753 0.077
55.26762 0.060
55.47653 0.009
55.47682 0.009
55.47715 0.009
55.47725 0.010
55.47739 0.009
55.47745 0.009
55.47816 0.009
55.47822 0.010
55.47952 0.009
55.47975 0.009
55.47979 0.009
55.47996 0.009
56.51556 0.082
56.51673 0.081
56.51978 0.082
57.33557 0.011
57.33571 0.010
57.33574 0.011
57.33586 0.009
57.33820 0.011
57.33837 0.010
57.33879 0.011
57.33895 0.009
57.33945 0.012
57.33947 0.009
57.33986 0.010
57.33991 0.011
57.87800 0.026
57.87824 0.033
57.88022 0.025
57.88052 0.034
57.88121 0.028
57.88127 0.030
58.14731 0.014
58.14764 0.016
58.14787 0.014
58.14798 0.015
58.14898 0.014
58.14921 0.015
58.35108 0.145
58.35139 0.149
58.35206 0.146
58.35216 0.147
58.35429 0.145
58.35450 0.147
58.75525 0.206
58.75543 0.212
58.75645 0.207
58.75651 0.210
58.75940 0.207
58.75952 0.211
59.55388 0.106
59.55413 0.096
59.55419 0.097
59.55435 0.106
59.55478 0.104
59.55513 0.099
59.55552 0.202
59.55557 0.098
59.55587 0.105
59.55601 0.109
59.55614 0.094
