6.77110 86.252
6.78756 100.000
6.78944 99.943
11.75005 2.973
11.75333 2.972
11.78191 4.590
13.56598 3.032
13.59908 6.012
13.60287 5.995
15.04877 0.798
15.05417 3.050
15.05624 0.807
15.06737 3.026
15.08196 0.819
15.08770 0.800
17.86365 0.644
17.88259 0.637
17.89320 0.641
17.90777 0.637
17.98273 0.268
17.98633 0.266
18.00161 0.529
18.00736 0.525
18.03661 1.147
18.03877 1.147
19.12851 1.684
19.13182 0.514
19.14500 0.523
19.14944 1.680
19.18574 0.520
19.19348 0.511
20.40920 0.024
20.45930 0.204
20.46503 0.202
22.49342 0.512
22.49992 0.387
22.51828 0.506
22.51873 0.508
22.52249 0.388
22.52395 0.030
22.53017 0.031
22.53777 0.505
22.54844 0.387
22.56169 0.384
22.59141 0.031
22.59414 0.029
23.62597 0.004
23.63263 0.004
23.69074 0.047
24.50274 0.182
24.52071 0.070
24.52754 0.181
24.53793 0.070
24.58620 0.071
24.59376 0.069
24.62797 0.011
24.63597 0.011
24.66432 0.040
24.66859 0.039
27.06352 28.645
27.24672 0.035
27.27502 0.034
27.28923 0.034
27.30586 0.034
27.39456 0.007
27.40229 0.006
27.91165 3.002
27.91946 3.012
27.92179 2.573
27.93644 2.567
27.94801 2.978
27.95486 2.988
28.10230 0.036
28.12110 0.027
28.12344 0.036
28.13109 0.036
28.14560 0.036
28.14637 0.027
28.14980 0.006
28.16084 0.006
28.18161 0.027
28.19271 0.027
28.22473 0.006
28.22822 0.006
29.56640 0.295
29.57297 0.455
29.58861 0.296
29.60180 0.290
29.62128 0.290
29.64101 0.453
29.84617 0.005
29.85332 0.005
29.93520 0.215
29.93743 0.215
30.36523 0.564
30.37631 0.281
30.38056 0.565
30.40344 0.280
30.43341 0.554
30.44520 0.557
30.55437 0.008
30.58135 0.008
30.58920 0.005
30.60967 0.005
30.66217 0.005
30.66865 0.005
31.40461 0.006
31.40845 0.006
31.46051 0.003
31.47073 0.003
31.49783 0.030
31.50422 0.029
32.65195 0.089
32.65354 0.045
32.66598 0.194
32.67357 0.193
32.68067 0.089
32.68673 0.044
32.68737 0.045
32.71643 0.044
32.71749 0.087
32.73958 0.088
32.76051 0.191
32.76562 0.190
32.83275 0.155
32.84451 0.163
32.86461 0.155
32.87029 0.154
32.87524 0.164
32.88902 0.154
32.89956 0.164
32.90235 0.007
32.90755 0.008
32.91307 0.163
32.98166 0.008
32.98277 0.007
34.11095 0.042
34.11554 0.005
34.13287 0.041
34.15222 0.005
34.20432 0.042
34.21906 0.042
34.27515 0.030
34.29362 0.030
34.30610 0.030
34.30908 0.031
34.31746 0.030
34.33680 0.031
34.34076 0.012
34.34781 0.012
34.35580 0.012
34.37813 0.031
34.38690 0.031
34.42108 0.013
34.42428 0.012
34.43383 0.007
34.44366 0.007
35.76631 0.012
35.77658 0.012
35.86624 0.094
36.18094 0.001
36.21391 0.014
36.22031 0.001
36.24235 0.001
36.27265 0.001
36.32755 0.013
36.42851 0.068
36.43599 0.068
36.46776 0.006
36.47973 0.006
36.54058 0.192
36.54506 0.192
36.85795 0.004
36.87779 0.013
36.89209 0.003
36.89218 0.013
36.94747 0.004
36.97046 0.004
36.99262 0.013
37.00107 0.013
37.02212 0.019
37.05060 0.019
37.07501 0.018
37.09845 0.018
37.15386 0.018
37.15885 0.018
38.33589 0.064
38.37044 0.063
38.38618 0.063
38.39350 0.320
38.39744 0.322
38.40138 0.063
38.46854 0.003
38.48105 0.002
38.50682 0.271
38.51539 0.267
38.96589 0.123
38.99233 0.187
38.99967 0.121
39.00023 0.121
39.01986 0.122
39.02544 0.188
39.05595 0.031
39.05702 0.187
39.06563 0.033
39.06750 0.187
39.14013 0.033
39.14134 0.031
40.67663 0.002
40.72418 0.002
40.72443 0.075
40.73139 0.076
40.73363 0.002
40.77023 0.002
40.83221 0.240
40.84880 0.237
40.85477 0.075
40.85831 0.075
40.86480 0.237
40.87391 0.240
40.88307 0.516
40.91329 0.518
40.91696 0.290
40.93559 0.295
40.95909 0.516
40.96554 0.513
41.00202 0.294
41.00435 0.287
41.50447 1.127
41.60994 0.116
41.62200 0.107
41.67856 0.035
41.68664 0.035
41.69072 0.135
41.70620 0.132
41.71680 0.037
41.72419 0.036
41.89003 0.002
41.90364 0.001
41.91820 0.002
41.92795 0.012
41.93925 0.003
41.94244 0.001
41.94834 0.012
41.96140 0.002
42.01218 0.001
42.03496 0.001
42.05854 0.012
42.06892 0.012
42.12610 0.052
42.13704 0.052
42.14638 0.031
42.15963 0.032
42.25278 0.093
42.25509 0.093
42.85890 0.052
42.88258 0.051
42.89694 0.052
42.91863 0.051
43.29084 0.039
43.29862 0.039
43.35032 0.006
43.36490 0.007
43.42599 0.029
43.43278 0.029
43.43744 0.029
43.45370 0.030
43.45531 0.096
43.48524 0.096
43.51202 0.030
43.52567 0.030
43.80422 0.344
43.83395 0.344
43.87626 1.137
43.90265 1.138
43.96049 1.133
43.96379 1.127
44.23950 0.004
44.26121 0.003
44.28866 0.004
44.29374 0.002
44.38296 0.039
44.38943 0.002
44.39763 0.061
44.40600 0.002
44.42042 0.039
44.42948 0.038
44.43485 0.060
44.44595 0.039
44.45835 0.060
44.47015 0.061
44.49272 0.004
44.49739 0.004
44.57881 0.004
44.57904 0.004
45.14634 0.038
45.15227 0.050
45.15472 0.003
45.16292 0.003
45.17788 0.038
45.18938 0.049
45.19012 0.049
45.21993 0.038
45.22408 0.048
45.24642 0.037
45.26224 0.003
45.26854 0.003
45.36243 0.005
45.41424 0.005
45.43084 0.039
45.44168 0.005
45.47658 0.005
45.50601 0.012
45.53705 0.011
45.54234 0.011
45.54915 0.037
45.55841 0.012
45.56745 0.022
45.57150 0.021
45.57222 0.039
45.58478 0.036
45.61736 0.014
45.62198 0.036
45.62958 0.037
45.63109 0.015
45.70198 0.004
45.70614 0.014
45.70680 0.014
45.71286 0.003
45.91747 0.029
45.93131 0.002
45.97043 0.029
45.97140 0.029
45.97939 0.003
45.98251 0.082
45.99576 0.083
46.01195 0.029
46.03469 0.003
46.06293 0.002
46.12627 0.082
46.13209 0.082
46.26322 0.008
46.28066 0.020
46.28735 0.008
46.32337 0.020
46.37057 0.008
46.38913 0.008
47.56584 0.143
47.59192 0.143
47.59278 0.001
47.62026 0.143
47.62063 0.121
47.63970 0.141
47.64643 0.120
47.70386 0.002
47.71912 0.002
47.73791 0.002
47.73895 0.001
47.74536 0.002
47.76420 0.118
47.77318 0.014
47.77553 0.120
47.80611 0.013
47.80899 0.011
47.83106 0.011
47.85563 0.013
47.85974 0.014
47.89267 0.006
47.89882 0.011
47.89990 0.011
47.93787 0.006
47.96419 0.005
48.00216 0.005
48.33879 0.011
48.35308 0.010
48.42895 0.005
48.43499 0.006
48.44268 0.001
48.45881 0.001
48.46779 0.004
48.47075 0.006
48.47780 0.012
48.48520 0.006
48.51678 0.006
48.53442 0.004
48.56430 0.004
48.83495 0.315
48.96132 0.001
50.22564 0.532
50.26444 0.055
50.27918 0.529
50.30161 0.051
50.37030 0.003
50.40584 0.050
50.41087 0.003
50.42217 0.055
50.42778 0.003
50.44064 0.003
50.73246 0.026
50.74139 0.016
50.79066 0.026
50.79717 0.016
50.80702 0.026
50.82103 0.047
50.82747 0.047
50.83964 0.016
50.84624 0.026
50.87121 0.004
50.87241 0.016
50.90217 0.004
50.96374 0.275
50.97464 0.046
50.97706 0.046
50.99322 0.275
51.05344 0.274
51.05487 0.273
51.55227 0.031
51.55267 0.030
51.58403 0.001
51.59202 0.001
51.60421 0.031
51.60976 0.030
51.62156 0.029
51.65473 0.032
51.66953 0.029
51.69470 0.031
51.74615 0.001
51.75129 0.001
51.75410 0.020
51.78052 0.003
51.80368 0.020
51.81330 0.020
51.83254 0.003
51.83837 0.015
51.84927 0.020
51.85739 0.015
51.90012 0.003
51.92664 0.003
51.99377 0.014
52.00090 0.015
52.57081 0.008
52.57200 0.008
52.58920 0.003
52.60625 0.008
52.61283 0.003
52.61640 0.008
52.63282 0.008
52.66201 0.008
52.70440 0.008
52.73650 0.008
52.75192 0.003
52.76712 0.003
52.95626 0.023
52.96044 0.023
53.07304 0.003
53.09056 0.003
53.11367 0.001
53.12701 0.001
53.76435 0.012
53.78877 0.012
53.82321 0.012
53.83806 0.002
53.84045 0.012
53.86894 0.002
53.99326 0.002
54.00485 0.002
54.56808 0.004
54.57001 0.005
54.60647 0.004
54.63314 0.005
54.72944 0.005
54.75414 0.004
54.96546 0.015
54.96571 0.003
54.98091 0.003
54.98707 0.003
55.00142 0.014
55.00314 0.016
55.00471 0.004
55.02873 0.016
55.05436 0.014
55.05611 0.014
55.09772 0.016
55.09818 0.015
55.13502 0.004
55.13746 0.004
55.52110 0.015
55.58454 0.015
55.62007 0.015
55.66890 0.015
55.80505 1.957
56.00514 0.030
56.00907 0.046
56.04952 0.008
56.06514 0.008
56.06729 0.046
56.07129 0.030
56.07255 0.030
56.12794 0.030
56.13918 0.046
56.18018 0.046
56.20844 0.007
56.23488 0.008
56.24406 0.008
56.26483 0.227
56.27080 0.006
56.27335 0.229
56.27858 0.195
56.29508 0.194
56.30212 0.006
56.30551 0.225
56.31349 0.227
56.31778 0.008
56.33877 0.007
56.38517 0.074
56.47921 0.008
56.53440 0.002
56.55146 0.002
56.69113 0.171
56.74859 0.169
57.21221 0.050
57.21223 0.033
57.23750 0.033
57.25300 0.032
57.27668 0.032
57.29214 0.050
57.44501 0.061
57.45274 0.132
57.47520 0.074
57.47781 0.060
57.50469 0.132
57.50594 0.076
57.51505 0.060
57.54203 0.061
57.61137 0.131
57.64481 0.131
57.66074 0.075
57.67767 0.044
57.67879 0.073
57.69496 0.044
57.70012 0.022
57.73259 0.022
57.75824 0.043
57.77341 0.043
58.23259 0.006
58.26487 0.006
58.34735 0.074
58.38019 0.074
58.44240 0.074
58.44300 0.074
59.07707 0.010
59.08210 0.022
59.08587 0.005
59.09088 0.022
59.11113 0.010
59.12633 0.005
59.12714 0.005
59.15748 0.010
59.16500 0.005
59.18737 0.010
59.20035 0.022
59.20756 0.022
59.79643 0.099
59.80773 0.330
59.85271 0.330
59.86786 0.099
59.99183 0.328
