2.0000 184249.4200
2.0200 179621.6625
2.0400 173766.3375
2.0600 167989.1725
2.0800 163023.7650
2.1000 158715.8025
2.1200 153714.6500
2.1400 149318.5525
2.1600 145031.5875
2.1800 142120.6800
2.2000 137191.6650
2.2200 133364.5900
2.2400 131448.9750
2.2600 126842.7775
2.2800 123051.9500
2.3000 120988.0450
2.3200 118060.1275
2.3400 114547.4125
2.3600 112480.9050
2.3800 110627.0975
2.4000 108331.2950
2.4200 105877.8800
2.4400 103518.9275
2.4600 101020.2925
2.4800 99734.7850
2.5000 98503.5350
2.5200 97218.9950
2.5400 95965.6050
2.5600 94462.3575
2.5800 92937.4125
2.6000 92899.2300
2.6200 92713.4350
2.6400 92067.2850
2.6600 91953.3525
2.6800 92544.3225
2.7000 93034.1350
2.7200 93490.4700
2.7400 93342.6975
2.7600 95118.0125
2.7800 96899.1475
2.8000 97974.4425
2.8200 98434.9425
2.8400 99593.9850
2.8600 100088.0975
2.8800 101232.5450
2.9000 100372.3350
2.9200 99216.6525
2.9400 98398.3000
2.9600 97484.2550
2.9800 95954.8700
3.0000 94267.7750
3.0200 92206.3600
3.0400 90727.0650
3.0600 88181.3100
3.0800 85698.0225
3.1000 82957.5375
3.1200 79650.4900
3.1400 77663.6725
3.1600 75431.0275
3.1800 72569.8375
3.2000 70411.9300
3.2200 68178.0025
3.2400 66269.1425
3.2600 63427.5900
3.2800 61981.6750
3.3000 60203.3900
3.3200 58211.0900
3.3400 56963.9875
3.3600 55784.9975
3.3800 54435.7325
3.4000 53279.7425
3.4200 50911.9800
3.4400 49502.2400
3.4600 48753.9700
3.4800 47564.6900
3.5000 46378.0350
3.5200 45841.4700
3.5400 44480.6675
3.5600 43793.5350
3.5800 43157.0325
3.6000 42382.4875
3.6200 41499.0925
3.6400 40218.0350
3.6600 40048.5800
3.6800 38918.8900
3.7000 38162.0925
3.7200 37586.3025
3.7400 36685.6300
3.7600 36183.1925
3.7800 35351.4775
3.8000 34720.0125
3.8200 34017.2350
3.8400 33488.5250
3.8600 33351.2200
3.8800 33042.9500
3.9000 32654.1650
3.9200 32036.5725
3.9400 31484.9425
3.9600 31308.8675
3.9800 30901.1475
4.0000 29965.8925
4.0200 29398.0050
4.0400 29501.5925
4.0600 29006.9425
4.0800 28922.4175
4.1000 28726.2600
4.1200 28094.4025
4.1400 27465.1800
4.1600 27468.6975
4.1800 27118.1975
4.2000 26820.0250
4.2200 26496.5525
4.2400 26262.4725
4.2600 26313.3125
4.2800 26253.8800
4.3000 25885.7900
4.3200 25600.2550
4.3400 25528.2525
4.3600 25131.0400
4.3800 24807.8175
4.4000 24676.5300
4.4200 24104.5375
4.4400 23895.0525
4.4600 24065.3900
4.4800 23648.8325
4.5000 24016.6300
4.5200 23867.5800
4.5400 23749.9775
4.5600 23637.7600
4.5800 23720.1825
4.6000 23829.7150
4.6200 23544.3550
4.6400 23270.2775
4.6600 23409.8975
4.6800 23375.8175
4.7000 23847.5400
4.7200 23778.8575
4.7400 23394.0050
4.7600 23403.9925
4.7800 23787.7500
4.8000 23545.8925
4.8200 23653.9400
4.8400 23509.7850
4.8600 23736.4700
4.8800 23716.4075
4.9000 23723.1825
4.9200 23997.5350
4.9400 23966.3900
4.9600 23932.1350
4.9800 24262.3350
5.0000 24435.7175
5.0200 24601.0325
5.0400 24814.2325
5.0600 24828.5250
5.0800 24844.3425
5.1000 25522.5250
5.1200 25750.0600
5.1400 25655.9450
5.1600 25844.0925
5.1800 26245.3750
5.2000 26601.9725
5.2200 26678.6200
5.2400 27094.9600
5.2600 27678.2850
5.2800 27794.7775
5.3000 27753.1250
5.3200 28256.2175
5.3400 28583.9475
5.3600 28755.6850
5.3800 28828.3225
5.4000 29565.4325
5.4200 30181.6100
5.4400 30030.5100
5.4600 30549.1600
5.4800 30556.7525
5.5000 30891.9325
5.5200 30820.6625
5.5400 31178.3700
5.5600 31767.5575
5.5800 31469.7525
5.6000 31936.8500
5.6200 32259.6425
5.6400 32600.3750
5.6600 32749.6000
5.6800 32619.4350
5.7000 32387.9775
5.7200 32745.1725
5.7400 32599.1075
5.7600 33044.6050
5.7800 32775.8325
5.8000 32963.7150
5.8200 33515.1725
5.8400 33290.2750
5.8600 32734.7650
5.8800 32518.7475
5.9000 32615.9450
5.9200 32684.7800
5.9400 32848.6025
5.9600 32316.2400
5.9800 31938.4100
6.0000 31352.6175
6.0200 31243.3150
6.0400 31095.5000
6.0600 30820.6300
6.0800 30381.3525
6.1000 30121.2750
6.1200 29773.2150
6.1400 29634.3700
6.1600 29524.4550
6.1800 28915.9725
6.2000 28276.5850
6.2200 28060.3525
6.2400 27500.2300
6.2600 26744.0675
6.2800 26433.1475
6.3000 25895.8925
6.3200 25375.6025
6.3400 24525.3875
6.3600 24320.7500
6.3800 23681.0175
6.4000 23021.5975
6.4200 22424.8800
6.4400 21780.2975
6.4600 21294.8500
6.4800 20741.5850
6.5000 20041.4675
6.5200 19395.5725
6.5400 18752.7650
6.5600 18254.3000
6.5800 17747.8650
6.6000 17072.6850
6.6200 16341.3725
6.6400 15826.7950
6.6600 15394.2575
6.6800 14952.7700
6.7000 14572.6800
6.7200 14276.4875
6.7400 13950.7050
6.7600 13221.7275
6.7800 12774.8025
6.8000 12765.6225
6.8200 12202.5875
6.8400 11874.4325
6.8600 11697.3725
6.8800 11207.3500
6.9000 10688.3550
6.9200 10339.1825
6.9400 10147.2875
6.9600 10192.9550
6.9800 9971.2025
7.0000 9752.7675
7.0200 9432.3800
7.0400 9317.0025
7.0600 9152.1225
7.0800 8909.7775
7.1000 8546.7125
7.1200 8433.0325
7.1400 8396.2050
7.1600 8162.5250
7.1800 7942.3750
7.2000 7928.0450
7.2200 7774.8900
7.2400 7711.1150
7.2600 7655.0675
7.2800 7326.1800
7.3000 7316.9350
7.3200 7311.9450
7.3400 7221.6625
7.3600 7207.1825
7.3800 7093.3250
7.4000 6940.8000
7.4200 6826.0925
7.4400 6784.9025
7.4600 6699.1375
7.4800 6584.5525
7.5000 6462.5850
7.5200 6503.0250
7.5400 6416.4000
7.5600 6283.7725
7.5800 6423.3675
7.6000 6508.6050
7.6200 6315.2925
7.6400 6122.3975
7.6600 6160.5075
7.6800 6089.7950
7.7000 5970.5525
7.7200 6053.1150
7.7400 5948.6500
7.7600 5945.4150
7.7800 5848.3875
7.8000 5875.5425
7.8200 5860.5850
7.8400 5788.9750
7.8600 5703.1800
7.8800 5688.1450
7.9000 5598.6900
7.9200 5632.6225
7.9400 5614.6925
7.9600 5555.8975
7.9800 5573.8175
8.0000 5588.3575
8.0200 5469.1175
8.0400 5508.0150
8.0600 5593.2975
8.0800 5481.0575
8.1000 5399.6300
8.1200 5342.4375
8.1400 5271.6050
8.1600 5279.8575
8.1800 5392.9125
8.2000 5349.4275
8.2200 5355.4600
8.2400 5277.5050
8.2600 5174.5075
8.2800 5228.7650
8.3000 5197.6950
8.3200 5242.1875
8.3400 5219.3550
8.3600 5328.6825
8.3800 5359.4700
8.4000 5284.9175
8.4200 5271.6450
8.4400 5332.7100
8.4600 5291.6950
8.4800 5244.4875
8.5000 5343.3825
8.5200 5337.5875
8.5400 5291.3475
8.5600 5330.1450
8.5800 5467.1700
8.6000 5516.0100
8.6200 5599.3350
8.6400 5548.9675
8.6600 5533.3650
8.6800 5638.2525
8.7000 5634.5325
8.7200 5554.5375
8.7400 5642.8375
8.7600 5680.2375
8.7800 5554.7175
8.8000 5505.2625
8.8200 5509.8050
8.8400 5466.9400
8.8600 5435.5825
8.8800 5422.7750
8.9000 5326.8275
8.9200 5194.7625
8.9400 5217.8150
8.9600 5141.2000
8.9800 5124.8800
9.0000 5115.3375
9.0200 5041.7175
9.0400 5031.5650
9.0600 4980.6450
9.0800 5014.3075
9.1000 5061.7225
9.1200 4975.3300
9.1400 4914.9600
9.1600 4918.5625
9.1800 4865.7525
9.2000 4901.3100
9.2200 4958.4375
9.2400 4934.2200
9.2600 4896.1925
9.2800 4836.4900
9.3000 4814.8750
9.3200 4847.8925
9.3400 4947.6900
9.3600 4947.5025
9.3800 4795.0650
9.4000 4736.1250
9.4200 4865.6600
9.4400 4814.7400
9.4600 4762.8525
9.4800 4820.5350
9.5000 4737.9250
9.5200 4768.0025
9.5400 4814.6925
9.5600 4806.7850
9.5800 4802.8250
9.6000 4786.7950
9.6200 4742.0200
9.6400 4820.2275
9.6600 4861.1225
9.6800 4804.1600
9.7000 4781.4950
9.7200 4819.1875
9.7400 4937.6475
9.7600 5011.3675
9.7800 4964.3000
9.8000 4939.9150
9.8200 4977.5850
9.8400 4886.2875
9.8600 4891.3450
9.8800 5040.1225
9.9000 5064.8650
9.9200 5038.0925
9.9400 5091.5875
9.9600 5110.4025
9.9800 5136.0100
10.0000 5103.0925
10.0200 4947.1675
10.0400 5048.8075
10.0600 5152.9425
10.0800 5198.7925
10.1000 5271.1200
10.1200 5326.3775
10.1400 5325.1600
10.1600 5386.7325
10.1800 5340.1300
10.2000 5379.4675
10.2200 5449.0225
10.2400 5405.2550
10.2600 5443.1400
10.2800 5518.1300
10.3000 5460.4250
10.3200 5438.1450
10.3400 5552.4475
10.3600 5561.2775
10.3800 5560.0775
10.4000 5634.4675
10.4200 5678.3300
10.4400 5652.8150
10.4600 5699.2850
10.4800 5633.2850
10.5000 5758.5625
10.5200 5707.2375
10.5400 5571.9200
10.5600 5746.7600
10.5800 5711.6550
10.6000 5724.1175
10.6200 5708.5125
10.6400 5764.8825
10.6600 5712.5725
10.6800 5744.4700
10.7000 5854.0875
10.7200 5772.3550
10.7400 5803.2625
10.7600 5783.4800
10.7800 5744.5275
10.8000 5709.8375
10.8200 5797.4425
10.8400 5714.6600
10.8600 5772.7125
10.8800 5872.5525
10.9000 5877.0950
10.9200 5849.5825
10.9400 5778.4500
10.9600 5736.7825
10.9800 5747.8900
11.0000 5716.0975
11.0200 5765.8650
11.0400 5853.0575
11.0600 5893.8150
11.0800 5896.2375
11.1000 5889.3575
11.1200 5926.0450
11.1400 5892.6925
11.1600 6016.5825
11.1800 5921.5675
11.2000 5965.1775
11.2200 6016.6000
11.2400 5972.1075
11.2600 6037.6100
11.2800 6066.8775
11.3000 6131.3075
11.3200 6277.2700
11.3400 6391.9075
11.3600 6362.8000
11.3800 6528.7525
11.4000 6466.2750
11.4200 6552.4450
11.4400 6652.1500
11.4600 6780.8425
11.4800 6919.5750
11.5000 6981.8375
11.5200 6936.9600
11.5400 7089.0725
11.5600 7249.1700
11.5800 7269.7200
11.6000 7241.6200
11.6200 7112.2025
11.6400 7151.6400
11.6600 7171.2725
11.6800 7123.9025
11.7000 7039.6250
11.7200 6985.4300
11.7400 6912.4425
11.7600 6777.3650
11.7800 6656.6225
11.8000 6606.3575
11.8200 6591.2875
11.8400 6381.7125
11.8600 6207.7550
11.8800 6140.8075
11.9000 6093.6550
11.9200 5989.0100
11.9400 5866.2125
11.9600 5794.0250
11.9800 5705.5150
12.0000 5647.4200
12.0200 5634.3900
12.0400 5538.8525
12.0600 5446.7200
12.0800 5491.3450
12.1000 5359.4200
12.1200 5254.2000
12.1400 5218.5950
12.1600 5245.9450
12.1800 5210.1325
12.2000 5166.8225
12.2200 5112.9400
12.2400 5026.0375
12.2600 4927.0200
12.2800 4915.1650
12.3000 4823.5500
12.3200 4903.1150
12.3400 4921.1800
12.3600 4816.4450
12.3800 4870.5150
12.4000 4898.4725
12.4200 4844.7175
12.4400 4804.9575
12.4600 4750.2975
12.4800 4876.2450
12.5000 4818.9450
12.5200 4834.8900
12.5400 4769.6125
12.5600 4801.9300
12.5800 4800.6475
12.6000 4858.0950
12.6200 4834.1450
12.6400 4783.3350
12.6600 4814.6375
12.6800 4745.0950
12.7000 4754.6750
12.7200 4831.4725
12.7400 4852.8275
12.7600 4860.7975
12.7800 4754.0725
12.8000 4840.3125
12.8200 4872.1025
12.8400 4896.9700
12.8600 4879.8800
12.8800 4890.2500
12.9000 4830.3250
12.9200 4903.7625
12.9400 4857.8175
12.9600 4859.0925
12.9800 4866.3225
13.0000 4924.7300
13.0200 4969.2175
13.0400 5019.7475
13.0600 5138.7550
13.0800 5033.0525
13.1000 4984.0025
13.1200 4965.7350
13.1400 4931.2350
13.1600 4979.0150
13.1800 5051.3325
13.2000 5061.7525
13.2200 5066.9950
13.2400 4977.4950
13.2600 4907.1250
13.2800 4978.8800
13.3000 5029.2175
13.3200 5035.3350
13.3400 5005.7325
13.3600 5107.4650
13.3800 5098.4750
13.4000 5089.1375
13.4200 5100.7225
13.4400 5112.8825
13.4600 5004.8600
13.4800 5089.7125
13.5000 5127.1250
13.5200 5078.1375
13.5400 5153.3600
13.5600 5089.0350
13.5800 5101.7175
13.6000 5146.4250
13.6200 5130.7450
13.6400 5215.0475
13.6600 5289.1475
13.6800 5234.5825
13.7000 5174.1750
13.7200 5151.2450
13.7400 5159.3200
13.7600 5218.2925
13.7800 5181.4975
13.8000 5247.2150
13.8200 5257.2950
13.8400 5310.4900
13.8600 5300.1650
13.8800 5279.3325
13.9000 5265.3650
13.9200 5438.9950
13.9400 5464.5475
13.9600 5508.5675
13.9800 5547.5575
14.0000 5512.9900
14.0200 5491.1625
14.0400 5525.8625
14.0600 5619.6325
14.0800 5677.1400
14.1000 5634.1425
14.1200 5561.3125
14.1400 5553.9025
14.1600 5653.6200
14.1800 5785.7450
14.2000 5753.8750
14.2200 5723.8900
14.2400 5721.5975
14.2600 5723.9575
14.2800 5819.6950
14.3000 5876.0850
14.3200 5896.3675
14.3400 5802.1400
14.3600 5729.5225
14.3800 5780.1800
14.4000 5973.3275
14.4200 6154.8325
14.4400 5963.4125
14.4600 5929.7025
14.4800 5928.2275
14.5000 6026.5950
14.5200 5979.8075
14.5400 5980.9250
14.5600 5959.0875
14.5800 5961.1550
14.6000 5986.3425
14.6200 6047.5675
14.6400 6096.5475
14.6600 5975.7300
14.6800 5973.0350
14.7000 6014.8950
14.7200 6064.0475
14.7400 6047.7725
14.7600 6057.3725
14.7800 5961.5775
14.8000 5950.4075
14.8200 5942.8300
14.8400 5980.5800
14.8600 5896.0025
14.8800 5932.7050
14.9000 5872.6775
14.9200 5850.5300
14.9400 5881.2325
14.9600 5843.0850
14.9800 5873.6825
15.0000 5848.2900
15.0200 5851.3850
15.0400 5906.3200
15.0600 5893.8325
15.0800 5759.2975
15.1000 5719.7875
15.1200 5768.2275
15.1400 5824.4875
15.1600 5718.2125
15.1800 5702.5200
15.2000 5676.2750
15.2200 5748.8050
15.2400 5787.6625
15.2600 5636.1125
15.2800 5650.0425
15.3000 5733.5725
15.3200 5681.4200
15.3400 5542.2450
15.3600 5625.0700
15.3800 5709.3825
15.4000 5715.4175
15.4200 5595.6825
15.4400 5628.0050
15.4600 5594.0375
15.4800 5511.4400
15.5000 5560.3325
15.5200 5570.5650
15.5400 5588.1100
15.5600 5528.1250
15.5800 5568.4675
15.6000 5599.2650
15.6200 5559.4350
15.6400 5513.4075
15.6600 5450.1375
15.6800 5440.2025
15.7000 5428.2675
15.7200 5522.4850
15.7400 5440.9225
15.7600 5415.1400
15.7800 5446.4750
15.8000 5433.0250
15.8200 5430.7800
15.8400 5463.6150
15.8600 5453.4200
15.8800 5398.1075
15.9000 5414.7250
15.9200 5430.8775
15.9400 5447.0325
15.9600 5448.4900
15.9800 5417.3375
16.0000 5412.8825
16.0200 5366.3450
16.0400 5426.3925
16.0600 5400.8825
16.0800 5348.7625
16.1000 5389.0800
16.1200 5334.3450
16.1400 5320.4700
16.1600 5348.8350
16.1800 5290.2850
16.2000 5348.5125
16.2200 5359.2100
16.2400 5366.6825
16.2600 5392.4325
16.2800 5356.4350
16.3000 5331.4025
16.3200 5281.7350
16.3400 5221.2150
16.3600 5331.6400
16.3800 5371.8450
16.4000 5271.1125
16.4200 5239.5600
16.4400 5217.6900
16.4600 5227.9600
16.4800 5310.4125
16.5000 5240.9800
16.5200 5222.2700
16.5400 5225.9475
16.5600 5255.4350
16.5800 5268.2675
16.6000 5247.5825
16.6200 5168.6300
16.6400 5229.2275
16.6600 5175.7125
16.6800 5234.9175
16.7000 5245.4250
16.7200 5254.1925
16.7400 5245.1350
16.7600 5217.2575
16.7800 5283.8325
16.8000 5225.1950
16.8200 5306.2025
16.8400 5344.0100
16.8600 5258.7000
16.8800 5206.5225
16.9000 5270.2125
16.9200 5324.8775
16.9400 5427.9125
16.9600 5369.3850
16.9800 5233.4900
17.0000 5291.3175
17.0200 5436.7450
17.0400 5514.2675
17.0600 5505.5775
17.0800 5470.1200
17.1000 5398.7200
17.1200 5421.8275
17.1400 5561.5375
17.1600 5531.0600
17.1800 5465.9575
17.2000 5479.4250
17.2200 5551.1350
17.2400 5576.1850
17.2600 5725.4475
17.2800 5669.3925
17.3000 5578.7925
17.3200 5575.7025
17.3400 5500.1750
17.3600 5569.1350
17.3800 5669.9150
17.4000 5721.0275
17.4200 5744.8275
17.4400 5792.5850
17.4600 5719.7050
17.4800 5811.5575
17.5000 5874.1500
17.5200 5750.4575
17.5400 5566.7100
17.5600 5685.0625
17.5800 5680.4300
17.6000 5767.7800
17.6200 5729.4725
17.6400 5862.3125
17.6600 5832.1975
17.6800 5754.6175
17.7000 5756.4575
17.7200 5787.9025
17.7400 5879.5625
17.7600 5913.2700
17.7800 5807.2300
17.8000 5787.0875
17.8200 5727.7375
17.8400 5873.2500
17.8600 5855.3100
17.8800 5827.7850
17.9000 5743.4275
17.9200 5755.6800
17.9400 5852.8625
17.9600 5904.7850
17.9800 5862.3800
18.0000 5728.0700
18.0200 5831.5000
18.0400 5872.1775
18.0600 5849.1150
18.0800 5827.7625
18.1000 5785.9925
18.1200 5714.5875
18.1400 5796.6000
18.1600 5866.7775
18.1800 5932.0175
18.2000 6027.0525
18.2200 6023.1375
18.2400 5870.1750
18.2600 5875.7375
18.2800 6004.9600
18.3000 5996.8875
18.3200 6004.2750
18.3400 5961.0875
18.3600 5970.5050
18.3800 5977.4775
18.4000 5988.7750
18.4200 6029.1975
18.4400 6019.9875
18.4600 6048.3375
18.4800 6024.6000
18.5000 6073.2775
18.5200 6132.0550
18.5400 6173.7000
18.5600 6136.3625
18.5800 6174.0025
18.6000 6286.0100
18.6200 6249.8475
18.6400 6173.0650
18.6600 6323.8400
18.6800 6373.5100
18.7000 6282.0500
18.7200 6324.5450
18.7400 6347.6075
18.7600 6377.6600
18.7800 6418.1875
18.8000 6453.5625
18.8200 6424.9125
18.8400 6354.1675
18.8600 6489.8175
18.8800 6648.4575
18.9000 6636.3350
18.9200 6685.8875
18.9400 6670.5825
18.9600 6622.7200
18.9800 6572.9600
19.0000 6596.1375
19.0200 6734.7925
19.0400 6785.1275
19.0600 6686.2650
19.0800 6712.2900
19.1000 6774.2525
19.1200 6832.2325
19.1400 6833.2700
19.1600 6808.1250
19.1800 6826.6700
19.2000 6876.8825
19.2200 6775.8275
19.2400 6816.4900
19.2600 6933.4525
19.2800 6895.8950
19.3000 6983.0375
19.3200 7011.1550
19.3400 6919.3600
19.3600 7001.2825
19.3800 6989.0975
19.4000 6930.8025
19.4200 7032.1450
19.4400 7038.2750
19.4600 7024.6625
19.4800 7086.2400
19.5000 7031.1725
19.5200 6965.9125
19.5400 6970.4500
19.5600 6862.5325
19.5800 6934.0350
19.6000 7103.6825
19.6200 7096.1950
19.6400 6980.2000
19.6600 6993.3775
19.6800 6952.0650
19.7000 6873.6200
19.7200 6943.1775
19.7400 7065.3325
19.7600 7053.2325
19.7800 6917.4750
19.8000 6856.3250
19.8200 6886.5000
19.8400 7010.3125
19.8600 7016.3000
19.8800 7062.5050
19.9000 7066.6675
19.9200 7026.9125
19.9400 7029.1350
19.9600 7018.5400
19.9800 6999.9000
20.0000 7011.8875
20.0200 7127.3500
20.0400 7093.0550
20.0600 7044.4625
20.0800 7018.9600
20.1000 6991.7175
20.1200 6969.7650
20.1400 6851.4525
20.1600 6914.1600
20.1800 6965.3350
20.2000 6975.0075
20.2200 6939.0575
20.2400 7007.6350
20.2600 7009.3100
20.2800 7003.9600
20.3000 7055.0200
20.3200 7065.8775
20.3400 6984.2375
20.3600 7070.3800
20.3800 7075.2350
20.4000 7017.1400
20.4200 6960.0875
20.4400 7006.9375
20.4600 7004.2250
20.4800 7039.9425
20.5000 7056.7300
20.5200 7034.3425
20.5400 7005.2825
20.5600 7028.1900
20.5800 7020.2125
20.6000 7004.5425
20.6200 7021.6300
20.6400 7054.9950
20.6600 6988.8475
20.6800 7015.2475
20.7000 7013.2425
20.7200 7015.1475
20.7400 7020.9850
20.7600 7029.9925
20.7800 7060.8350
20.8000 7105.2825
20.8200 7070.1725
20.8400 7042.6875
20.8600 7114.2650
20.8800 7165.2275
20.9000 7087.9025
20.9200 7013.6000
20.9400 7016.8175
20.9600 7040.8475
20.9800 7027.5625
21.0000 7039.3125
21.0200 7044.3425
21.0400 7037.9675
21.0600 7006.1775
21.0800 6934.2800
21.1000 6941.6125
21.1200 6966.5625
21.1400 6979.2225
21.1600 6944.0750
21.1800 6935.9250
21.2000 6980.5800
21.2200 6999.6900
21.2400 6987.8375
21.2600 6929.0575
21.2800 6997.9400
21.3000 7013.6150
21.3200 6920.9175
21.3400 6929.4475
21.3600 6916.7950
21.3800 6867.1775
21.4000 6902.1725
21.4200 6815.3625
21.4400 6715.8375
21.4600 6819.6375
21.4800 6894.5250
21.5000 6784.3050
21.5200 6761.8975
21.5400 6783.0400
21.5600 6808.8925
21.5800 6821.3200
21.6000 6801.2875
21.6200 6724.1175
21.6400 6724.1450
21.6600 6744.6050
21.6800 6832.1575
21.7000 6828.6925
21.7200 6778.9375
21.7400 6676.6425
21.7600 6639.0250
21.7800 6594.8750
21.8000 6628.6300
21.8200 6605.7275
21.8400 6478.6025
21.8600 6520.8350
21.8800 6573.5875
21.9000 6532.7550
21.9200 6567.4075
21.9400 6565.5000
21.9600 6571.8350
21.9800 6631.7525
22.0000 6607.0925
22.0200 6600.9550
22.0400 6574.7750
22.0600 6526.1500
22.0800 6590.9975
22.1000 6610.0200
22.1200 6478.8550
22.1400 6502.6075
22.1600 6520.4050
22.1800 6492.5000
22.2000 6508.4525
22.2200 6520.2675
22.2400 6512.9025
22.2600 6475.6500
22.2800 6421.6525
22.3000 6412.8775
22.3200 6481.8175
22.3400 6481.1475
22.3600 6420.9700
22.3800 6391.9475
22.4000 6376.1700
22.4200 6314.3900
22.4400 6289.3150
22.4600 6399.5675
22.4800 6319.0175
22.5000 6176.0525
22.5200 6143.9925
22.5400 6195.9250
22.5600 6253.8100
22.5800 6204.1100
22.6000 6122.1875
22.6200 6072.9750
22.6400 6013.9800
22.6600 5946.0050
22.6800 5969.4675
22.7000 6108.1200
22.7200 6158.5350
22.7400 6011.0650
22.7600 5946.6750
22.7800 5976.4550
22.8000 5919.2675
22.8200 5904.1150
22.8400 5907.3350
22.8600 5947.7025
22.8800 5951.9450
22.9000 5908.1600
22.9200 5832.2025
22.9400 5791.2500
22.9600 5815.0450
22.9800 5758.4225
23.0000 5629.2800
23.0200 5660.3625
23.0400 5719.4925
23.0600 5682.9275
23.0800 5604.1475
23.1000 5563.7975
23.1200 5583.4550
23.1400 5566.2025
23.1600 5514.9175
23.1800 5534.1600
23.2000 5562.7275
23.2200 5510.6125
23.2400 5387.4525
23.2600 5456.5025
23.2800 5526.3575
23.3000 5477.1575
23.3200 5453.9725
23.3400 5504.2750
23.3600 5488.7675
23.3800 5281.8550
23.4000 5241.2725
23.4200 5230.7300
23.4400 5323.8100
23.4600 5413.7050
23.4800 5304.2250
23.5000 5312.5025
23.5200 5370.7325
23.5400 5328.8425
23.5600 5246.1375
23.5800 5197.0650
23.6000 5204.8075
23.6200 5260.7450
23.6400 5237.0975
23.6600 5175.6425
23.6800 5158.5425
23.7000 5122.5700
23.7200 5135.3175
23.7400 5198.1150
23.7600 5231.0150
23.7800 5141.1475
23.8000 5090.6375
23.8200 5062.4200
23.8400 5060.7625
23.8600 5066.0400
23.8800 5018.8100
23.9000 5006.9675
23.9200 4967.6175
23.9400 4939.9200
23.9600 4984.5200
23.9800 5041.3650
24.0000 5035.8150
24.0200 5049.4050
24.0400 4999.5550
24.0600 4947.8800
24.0800 4923.3800
24.1000 4892.2450
24.1200 4925.4275
24.1400 4908.1325
24.1600 4849.5325
24.1800 4852.5850
24.2000 4935.6025
24.2200 4920.3400
24.2400 4835.4500
24.2600 4851.6825
24.2800 4832.2625
24.3000 4709.4175
24.3200 4706.9600
24.3400 4795.3275
24.3600 4755.4500
24.3800 4680.5750
24.4000 4681.3875
24.4200 4677.3725
24.4400 4655.0375
24.4600 4629.7200
24.4800 4621.9350
24.5000 4624.1200
24.5200 4646.6350
24.5400 4626.6900
24.5600 4523.0550
24.5800 4541.3575
24.6000 4582.4625
24.6200 4514.8000
24.6400 4489.4725
24.6600 4506.0350
24.6800 4527.8225
24.7000 4489.5550
24.7200 4457.9225
24.7400 4414.9425
24.7600 4380.4775
24.7800 4404.1700
24.8000 4398.8875
24.8200 4317.0950
24.8400 4321.7750
24.8600 4372.0250
24.8800 4350.1225
24.9000 4344.8850
24.9200 4309.1250
24.9400 4294.3725
24.9600 4270.4875
24.9800 4273.1875
25.0000 4284.4650
25.0200 4247.4875
25.0400 4191.7325
25.0600 4179.9500
25.0800 4207.0025
25.1000 4230.0475
25.1200 4171.7250
25.1400 4176.6800
25.1600 4238.3625
25.1800 4227.7475
25.2000 4184.9825
25.2200 4195.5575
25.2400 4197.0975
25.2600 4173.2025
25.2800 4147.2625
25.3000 4141.7750
25.3200 4220.4750
25.3400 4174.5525
25.3600 4059.3150
25.3800 4053.9200
25.4000 4038.1075
25.4200 3982.9575
25.4400 4032.4075
25.4600 4079.5350
25.4800 4107.1900
25.5000 4121.6700
25.5200 4103.9350
25.5400 4144.6800
25.5600 4053.4800
25.5800 3993.3725
25.6000 3985.4075
25.6200 3982.3450
25.6400 4050.4250
25.6600 4009.8000
25.6800 4011.7025
25.7000 4057.5950
25.7200 4064.8000
25.7400 4044.9500
25.7600 3944.2425
25.7800 3949.4550
25.8000 3973.5325
25.8200 3927.1775
25.8400 3958.9000
25.8600 3960.6550
25.8800 3909.7150
25.9000 3926.3600
25.9200 3916.4075
25.9400 3871.4300
25.9600 3891.1900
25.9800 3838.2200
26.0000 3808.4925
26.0200 3897.5200
26.0400 3899.5875
26.0600 3835.6700
26.0800 3815.0000
26.1000 3744.1325
26.1200 3760.6400
26.1400 3847.8200
26.1600 3935.6300
26.1800 3918.9350
26.2000 3787.8250
26.2200 3777.6350
26.2400 3774.5050
26.2600 3766.3675
26.2800 3732.8800
26.3000 3667.7500
26.3200 3652.3200
26.3400 3652.6775
26.3600 3665.7050
26.3800 3661.6275
26.4000 3666.0375
26.4200 3645.9425
26.4400 3675.6425
26.4600 3684.1525
26.4800 3618.2600
26.5000 3547.7975
26.5200 3546.7675
26.5400 3574.6000
26.5600 3590.6825
26.5800 3557.5275
26.6000 3502.6200
26.6200 3493.0100
26.6400 3506.4950
26.6600 3528.6125
26.6800 3481.9700
26.7000 3420.5200
26.7200 3418.0050
26.7400 3467.8700
26.7600 3520.1850
26.7800 3486.9100
26.8000 3364.5675
26.8200 3290.5225
26.8400 3325.6200
26.8600 3380.4625
26.8800 3408.5475
26.9000 3373.5425
26.9200 3350.1025
26.9400 3373.5925
26.9600 3366.7625
26.9800 3387.8825
27.0000 3389.8800
27.0200 3357.9200
27.0400 3249.1275
27.0600 3211.9075
27.0800 3266.3050
27.1000 3246.6175
27.1200 3259.4525
27.1400 3281.5825
27.1600 3257.4175
27.1800 3224.3300
27.2000 3243.8650
27.2200 3255.4550
27.2400 3200.5325
27.2600 3192.8100
27.2800 3179.9350
27.3000 3156.6200
27.3200 3150.7075
27.3400 3142.7225
27.3600 3120.2950
27.3800 3104.7375
27.4000 3120.1675
27.4200 3154.6875
27.4400 3170.8925
27.4600 3126.4875
27.4800 3086.6275
27.5000 3094.1950
27.5200 3142.1925
27.5400 3094.0600
27.5600 3064.3475
27.5800 3120.3350
27.6000 3115.1850
27.6200 3164.1175
27.6400 3244.8225
27.6600 3218.9825
27.6800 3121.8625
27.7000 3052.1350
27.7200 3049.0225
27.7400 3065.0800
27.7600 3063.6475
27.7800 3049.1900
27.8000 3066.7450
27.8200 3070.8650
27.8400 3087.5175
27.8600 3043.0475
27.8800 3039.9300
27.9000 3099.1750
27.9200 3103.3700
27.9400 3125.0700
27.9600 3124.3000
27.9800 3104.1975
28.0000 3079.8825
28.0200 3056.1000
28.0400 3046.9200
28.0600 3029.7975
28.0800 3062.3425
28.1000 3104.2900
28.1200 3064.1600
28.1400 3040.6625
28.1600 3025.5025
28.1800 2953.4825
28.2000 2884.2950
28.2200 2920.8300
28.2400 3011.3600
28.2600 3060.0300
28.2800 3027.4275
28.3000 3034.4200
28.3200 3001.8625
28.3400 2941.2375
28.3600 2930.0450
28.3800 2984.1950
28.4000 3020.7700
28.4200 2953.7975
28.4400 2923.1950
28.4600 2918.0675
28.4800 2903.2750
28.5000 2836.5025
28.5200 2844.0350
28.5400 2883.8175
28.5600 2902.2675
28.5800 2903.3725
28.6000 2896.0500
28.6200 2927.3800
28.6400 2948.0175
28.6600 2893.2875
28.6800 2864.5200
28.7000 2906.2000
28.7200 2930.9475
28.7400 2889.7050
28.7600 2829.3075
28.7800 2884.7725
28.8000 2855.1850
28.8200 2789.0300
28.8400 2812.4300
28.8600 2833.4125
28.8800 2842.6750
28.9000 2777.4425
28.9200 2698.5675
28.9400 2667.7225
28.9600 2686.8125
28.9800 2798.0500
29.0000 2797.1300
29.0200 2698.3600
29.0400 2745.3750
29.0600 2761.8025
29.0800 2733.2725
29.1000 2740.9225
29.1200 2689.3250
29.1400 2669.3025
29.1600 2710.7225
29.1800 2732.9900
29.2000 2727.2100
29.2200 2723.5075
29.2400 2749.3825
29.2600 2733.7225
29.2800 2637.7125
29.3000 2586.4575
29.3200 2667.4450
29.3400 2702.7150
29.3600 2610.7100
29.3800 2606.7525
29.4000 2665.4550
29.4200 2661.5950
29.4400 2666.8975
29.4600 2659.1225
29.4800 2617.5775
29.5000 2620.9475
29.5200 2634.7800
29.5400 2627.3900
29.5600 2600.7375
29.5800 2564.5725
29.6000 2518.2600
29.6200 2546.3825
29.6400 2612.6150
29.6600 2594.4650
29.6800 2565.7475
29.7000 2535.6550
29.7200 2549.8400
29.7400 2582.8575
29.7600 2556.7975
29.7800 2516.3825
29.8000 2556.4325
29.8200 2549.1975
29.8400 2502.5675
29.8600 2513.0600
29.8800 2545.1300
29.9000 2511.4225
29.9200 2498.3050
29.9400 2546.0250
29.9600 2514.0450
29.9800 2493.8900
30.0000 2509.5475
30.0200 2533.9325
30.0400 2534.3225
30.0600 2469.2175
30.0800 2456.8075
30.1000 2504.0950
30.1200 2495.3050
30.1400 2468.3175
30.1600 2490.6075
30.1800 2514.3350
30.2000 2435.5525
30.2200 2390.7950
30.2400 2478.0200
30.2600 2505.0525
30.2800 2416.1575
30.3000 2386.2575
30.3200 2448.5100
30.3400 2479.6200
30.3600 2455.1825
30.3800 2412.5625
30.4000 2361.6225
30.4200 2381.6775
30.4400 2402.5875
30.4600 2430.5825
30.4800 2436.3700
30.5000 2397.5875
30.5200 2337.6475
30.5400 2311.0950
30.5600 2375.3750
30.5800 2359.2225
30.6000 2364.3700
30.6200 2378.0025
30.6400 2335.5175
30.6600 2308.4925
30.6800 2305.4675
30.7000 2287.4925
30.7200 2247.7575
30.7400 2263.5650
30.7600 2273.0625
30.7800 2269.1925
30.8000 2279.8200
30.8200 2239.1975
30.8400 2247.9625
30.8600 2241.7075
30.8800 2188.7750
30.9000 2182.0050
30.9200 2179.3950
30.9400 2174.2125
30.9600 2182.5100
30.9800 2134.9425
31.0000 2150.6275
31.0200 2203.1850
31.0400 2182.0075
31.0600 2123.9225
31.0800 2112.1850
31.1000 2139.7000
31.1200 2154.4450
31.1400 2134.6775
31.1600 2151.7375
31.1800 2116.2450
31.2000 2052.9700
31.2200 2046.8500
31.2400 2063.2650
31.2600 2029.1475
31.2800 1992.6150
31.3000 1997.9600
31.3200 2010.0100
31.3400 2054.4425
31.3600 2070.4600
31.3800 2082.9025
31.4000 2045.2525
31.4200 1995.1375
31.4400 2003.3150
31.4600 2040.9700
31.4800 2021.0225
31.5000 1976.4375
31.5200 1956.2500
31.5400 1929.7075
31.5600 1916.1425
31.5800 1965.5425
31.6000 1967.0125
31.6200 1963.0725
31.6400 1950.4725
31.6600 1904.3650
31.6800 1909.5550
31.7000 1897.4325
31.7200 1936.0725
31.7400 1951.1600
31.7600 1914.4575
31.7800 1882.5125
31.8000 1900.8650
31.8200 1884.8475
31.8400 1853.0475
31.8600 1865.2150
31.8800 1881.0900
31.9000 1894.4900
31.9200 1934.5075
31.9400 1945.0275
31.9600 1865.8475
31.9800 1795.4900
32.0000 1823.2775
32.0200 1861.7450
32.0400 1851.5375
32.0600 1830.2125
32.0800 1824.9450
32.1000 1843.9525
32.1200 1840.4775
32.1400 1815.5975
32.1600 1812.2575
32.1800 1824.2225
32.2000 1794.3850
32.2200 1798.4975
32.2400 1803.2950
32.2600 1772.1575
32.2800 1782.1475
32.3000 1795.7250
32.3200 1842.6850
32.3400 1865.3700
32.3600 1841.7800
32.3800 1853.3800
32.4000 1826.0000
32.4200 1810.7675
32.4400 1845.2200
32.4600 1822.0300
32.4800 1817.9600
32.5000 1813.5375
32.5200 1779.3400
32.5400 1758.8475
32.5600 1745.8725
32.5800 1757.2325
32.6000 1769.2800
32.6200 1768.4125
32.6400 1757.7875
32.6600 1752.5900
32.6800 1780.2575
32.7000 1784.6225
32.7200 1781.3550
32.7400 1769.5750
32.7600 1770.0550
32.7800 1819.7125
32.8000 1764.6025
32.8200 1790.0725
32.8400 1807.0900
32.8600 1774.9225
32.8800 1722.4175
32.9000 1676.3650
32.9200 1673.7275
32.9400 1659.7775
32.9600 1663.4600
32.9800 1683.9650
33.0000 1732.4100
33.0200 1766.0525
33.0400 1741.3425
33.0600 1723.0875
33.0800 1686.2325
33.1000 1670.0950
33.1200 1666.1050
33.1400 1738.4900
33.1600 1730.6175
33.1800 1642.8500
33.2000 1673.9025
33.2200 1743.0450
33.2400 1707.0250
33.2600 1682.4225
33.2800 1673.6000
33.3000 1674.9975
33.3200 1701.8950
33.3400 1678.8375
33.3600 1606.4975
33.3800 1590.4475
33.4000 1606.9700
33.4200 1638.0725
33.4400 1616.9225
33.4600 1591.7550
33.4800 1602.1100
33.5000 1623.1150
33.5200 1644.0475
33.5400 1623.2450
33.5600 1624.1775
33.5800 1597.5000
33.6000 1588.3550
33.6200 1584.6450
33.6400 1634.2575
33.6600 1649.2525
33.6800 1609.1800
33.7000 1613.3025
33.7200 1581.1675
33.7400 1580.6075
33.7600 1599.7825
33.7800 1597.4350
33.8000 1573.1500
33.8200 1540.1575
33.8400 1533.5800
33.8600 1545.2075
33.8800 1561.6225
33.9000 1591.4550
33.9200 1563.7300
33.9400 1554.5025
33.9600 1569.5100
33.9800 1608.0000
34.0000 1631.2575
34.0200 1583.0625
34.0400 1530.9900
34.0600 1548.2100
34.0800 1555.7950
34.1000 1539.5025
34.1200 1540.7375
34.1400 1516.4350
34.1600 1505.2675
34.1800 1529.4350
34.2000 1520.0275
34.2200 1544.8675
34.2400 1548.2700
34.2600 1580.9875
34.2800 1557.8175
34.3000 1529.3725
34.3200 1548.1850
34.3400 1552.5375
34.3600 1528.0875
34.3800 1507.5550
34.4000 1558.3975
34.4200 1576.1400
34.4400 1521.7900
34.4600 1535.8950
34.4800 1522.3650
34.5000 1491.7875
34.5200 1521.2175
34.5400 1494.8825
34.5600 1496.6475
34.5800 1465.0825
34.6000 1476.2600
34.6200 1522.9650
34.6400 1488.3325
34.6600 1480.0150
34.6800 1469.9700
34.7000 1496.0450
34.7200 1496.1725
34.7400 1518.3925
34.7600 1526.7050
34.7800 1487.9525
34.8000 1506.7500
34.8200 1526.6500
34.8400 1481.7175
34.8600 1474.9075
34.8800 1486.9300
34.9000 1491.3475
34.9200 1481.8225
34.9400 1497.8675
34.9600 1505.3075
34.9800 1476.5050
35.0000 1475.0750
35.0200 1516.0650
35.0400 1486.0375
35.0600 1441.2500
35.0800 1430.7575
35.1000 1444.7250
35.1200 1497.8575
35.1400 1481.5675
35.1600 1436.0925
35.1800 1432.2225
35.2000 1463.8425
35.2200 1466.2950
35.2400 1467.5250
35.2600 1488.2050
35.2800 1499.5875
35.3000 1532.9125
35.3200 1508.9775
35.3400 1489.2225
35.3600 1477.7500
35.3800 1461.2675
35.4000 1451.9775
35.4200 1445.0475
35.4400 1485.6400
35.4600 1485.7675
35.4800 1462.3425
35.5000 1462.5025
35.5200 1455.7825
35.5400 1460.6100
35.5600 1463.9275
35.5800 1472.4175
35.6000 1491.6275
35.6200 1442.8300
35.6400 1386.1550
35.6600 1395.4350
35.6800 1424.6325
35.7000 1433.3200
35.7200 1462.2325
35.7400 1441.1225
35.7600 1434.9950
35.7800 1391.1125
35.8000 1389.6750
35.8200 1384.7850
35.8400 1376.5175
35.8600 1384.4775
35.8800 1405.2000
35.9000 1423.8875
35.9200 1385.0400
35.9400 1363.4300
35.9600 1409.7175
35.9800 1405.3250
36.0000 1383.6650
36.0200 1388.6275
36.0400 1411.8650
36.0600 1412.3775
36.0800 1356.7975
36.1000 1392.0450
36.1200 1404.9225
36.1400 1426.4725
36.1600 1437.0600
36.1800 1458.8625
36.2000 1450.2300
36.2200 1444.8875
36.2400 1425.7250
36.2600 1403.0450
36.2800 1412.7375
36.3000 1395.6375
36.3200 1364.3675
36.3400 1351.8050
36.3600 1363.5700
36.3800 1374.6950
36.4000 1366.1500
36.4200 1336.7625
36.4400 1324.2525
36.4600 1390.1950
36.4800 1391.4100
36.5000 1393.5175
36.5200 1380.5375
36.5400 1349.2400
36.5600 1364.5275
36.5800 1353.6725
36.6000 1373.4900
36.6200 1369.0600
36.6400 1416.7350
36.6600 1382.8600
36.6800 1383.4725
36.7000 1340.8500
36.7200 1279.7750
36.7400 1353.5450
36.7600 1420.1925
36.7800 1412.1875
36.8000 1358.0000
36.8200 1355.0125
36.8400 1374.9325
36.8600 1380.0750
36.8800 1361.2575
36.9000 1366.8750
36.9200 1391.9400
36.9400 1366.3450
36.9600 1356.7575
36.9800 1349.4675
37.0000 1339.2075
37.0200 1343.5475
37.0400 1356.7625
37.0600 1400.5125
37.0800 1353.6900
37.1000 1333.7900
37.1200 1318.2575
37.1400 1353.0500
37.1600 1358.7500
37.1800 1377.0175
37.2000 1393.8675
37.2200 1356.9075
37.2400 1356.1250
37.2600 1376.5000
37.2800 1377.9250
37.3000 1361.8275
37.3200 1357.0325
37.3400 1326.0225
37.3600 1292.6075
37.3800 1300.7825
37.4000 1382.1625
37.4200 1355.1850
37.4400 1343.8300
37.4600 1344.8850
37.4800 1310.4625
37.5000 1295.6275
37.5200 1361.9650
37.5400 1340.9100
37.5600 1326.5125
37.5800 1348.3875
37.6000 1361.0375
37.6200 1383.0450
37.6400 1398.4375
37.6600 1379.4000
37.6800 1326.7025
37.7000 1357.6250
37.7200 1397.6625
37.7400 1351.3100
37.7600 1316.7375
37.7800 1335.5875
37.8000 1355.8275
37.8200 1353.7325
37.8400 1341.1125
37.8600 1319.9850
37.8800 1312.8625
37.9000 1310.9100
37.9200 1311.1125
37.9400 1296.3650
37.9600 1353.1775
37.9800 1411.6325
38.0000 1386.9825
38.0200 1365.0500
38.0400 1374.5450
38.0600 1352.0575
38.0800 1338.3325
38.1000 1352.1125
38.1200 1360.8100
38.1400 1336.6700
38.1600 1374.9975
38.1800 1367.9425
38.2000 1339.9850
38.2200 1354.1600
38.2400 1342.9775
38.2600 1315.8225
38.2800 1313.3725
38.3000 1305.7925
38.3200 1312.5400
38.3400 1303.3250
38.3600 1310.7775
38.3800 1344.7650
38.4000 1381.3500
38.4200 1358.4000
38.4400 1354.4900
38.4600 1358.4775
38.4800 1333.3950
38.5000 1342.6350
38.5200 1368.9150
38.5400 1338.5150
38.5600 1301.9575
38.5800 1320.2675
38.6000 1399.2525
38.6200 1353.6450
38.6400 1369.8650
38.6600 1358.8800
38.6800 1327.9025
38.7000 1365.8125
38.7200 1366.6875
38.7400 1369.0575
38.7600 1372.2300
38.7800 1355.5800
38.8000 1327.1575
38.8200 1327.2725
38.8400 1395.1525
38.8600 1374.9100
38.8800 1360.6050
38.9000 1355.6600
38.9200 1313.7925
38.9400 1317.6850
38.9600 1363.3950
38.9800 1404.3525
39.0000 1363.9450
39.0200 1398.3500
39.0400 1369.4725
39.0600 1326.4025
39.0800 1364.4475
39.1000 1368.0550
39.1200 1374.4175
39.1400 1400.1075
39.1600 1406.1525
39.1800 1410.1050
39.2000 1367.1025
39.2200 1356.7175
39.2400 1355.3000
39.2600 1371.2700
39.2800 1330.1775
39.3000 1355.5200
39.3200 1359.5550
39.3400 1385.7975
39.3600 1383.2225
39.3800 1337.1725
39.4000 1328.2325
39.4200 1328.8475
39.4400 1369.2300
39.4600 1375.0975
39.4800 1327.4275
39.5000 1357.4625
39.5200 1407.7000
39.5400 1392.9075
39.5600 1418.4550
39.5800 1417.8725
39.6000 1371.5625
39.6200 1368.0675
39.6400 1334.9775
39.6600 1374.1875
39.6800 1380.5400
39.7000 1342.9450
39.7200 1350.3375
39.7400 1323.3075
39.7600 1318.0525
39.7800 1364.7250
39.8000 1327.1225
39.8200 1357.0850
39.8400 1342.6800
39.8600 1344.0650
39.8800 1372.6375
39.9000 1391.4150
39.9200 1366.4450
39.9400 1372.1150
39.9600 1362.0250
39.9800 1344.3225
40.0000 1351.2500
