3.74339 94.802
3.79011 100.000
5.25670 0.726
5.39846 6.302
7.49078 13.292
7.58437 17.037
8.30687 0.652
8.37036 0.004
8.48714 4.287
8.54929 1.198
10.52450 0.018
10.80894 0.231
11.24622 1.774
11.38697 3.435
11.77525 0.132
11.89496 0.165
11.96720 2.459
12.08503 0.557
13.40913 0.001
13.47514 0.175
13.74554 0.005
13.80997 0.024
15.01381 0.740
15.20221 1.563
15.39129 0.251
15.56380 0.015
15.58843 0.330
15.75883 0.094
15.81472 0.097
16.24373 0.027
16.65780 0.037
16.78580 0.001
17.02128 0.167
17.14664 0.003
18.63779 0.022
18.70490 0.001
18.79781 0.008
19.03448 0.137
19.08251 0.001
19.12586 0.107
19.19132 0.003
19.28279 0.245
19.30654 0.024
19.50461 0.131
20.10541 0.001
20.29207 0.015
20.48489 0.033
20.66826 0.004
21.13911 0.027
21.89888 0.002
22.29320 0.025
22.42229 0.023
22.60262 0.005
22.82489 0.011
22.88838 0.001
23.02762 0.057
23.10022 0.033
23.30069 0.069
23.67718 0.034
23.92056 0.015
24.00878 0.054
24.06746 0.009
24.30716 0.007
24.64457 0.003
24.64778 0.015
24.68061 0.010
24.76088 0.034
25.07655 0.887
25.12465 1.215
25.18098 0.117
25.28774 0.327
25.29364 0.014
25.37240 0.026
25.41663 0.783
25.46593 0.004
25.60014 0.415
25.65184 0.003
25.74146 2.331
25.84515 0.148
26.12008 0.365
26.13906 0.035
26.16553 0.070
26.17042 0.011
26.23091 0.009
26.43285 0.002
26.46988 0.321
26.60813 0.123
26.61032 0.006
26.61206 0.006
26.65785 0.207
26.66401 0.168
26.71620 0.005
26.75014 0.400
26.76870 0.004
26.81528 0.006
26.85633 0.013
26.89048 0.221
26.93734 0.022
27.00641 0.002
27.05019 0.051
27.14001 0.012
27.14127 0.051
27.23807 0.084
27.29735 0.544
27.33756 0.042
27.35686 0.209
27.63679 0.011
27.69399 0.003
27.69813 0.432
27.72239 0.050
27.72464 0.059
27.77250 0.014
27.82578 0.024
27.84648 0.007
28.12800 0.018
28.21153 0.014
28.21282 0.008
28.25875 0.418
28.27264 0.028
28.33304 0.006
28.35262 0.019
28.44517 0.005
28.50062 0.632
28.51222 0.278
28.73326 0.019
28.83143 0.025
28.93887 0.024
29.06421 0.154
29.20860 0.394
29.21551 0.062
29.28963 0.171
29.31268 0.001
29.40630 0.031
29.43611 0.001
29.62683 0.008
29.70406 0.059
29.70653 0.002
29.73574 0.004
30.09501 0.027
30.10939 0.051
30.16166 0.340
30.17477 0.002
30.19061 0.013
30.19491 0.014
30.19886 0.039
30.26836 0.009
30.29340 0.001
30.33928 0.019
30.46111 0.008
30.46811 0.035
30.53817 0.076
30.57904 0.005
30.67048 0.007
30.76974 0.225
30.81667 0.002
30.82328 0.014
30.97491 0.019
30.97773 0.010
30.99114 0.003
31.06938 0.018
31.12719 0.220
31.15851 0.022
31.17217 0.087
31.18728 0.017
31.27874 0.008
31.47507 0.002
31.69254 0.005
31.82599 0.002
31.94114 0.005
32.03416 0.048
32.05481 0.007
32.06596 0.012
32.07959 0.002
32.16415 0.009
32.21686 0.217
32.47985 0.048
32.48661 0.007
32.48696 0.003
32.50154 0.013
32.52325 0.004
32.53457 0.017
32.54094 0.038
32.54956 0.062
32.64431 0.075
32.72713 0.011
32.74055 0.031
32.75275 0.002
32.82587 0.016
32.90216 0.019
32.91190 0.007
32.92645 0.004
33.04855 0.006
33.20056 0.031
33.25251 0.002
33.33483 0.004
33.38976 0.018
33.39168 0.056
33.44350 0.008
33.47446 0.014
33.60419 0.051
33.61446 0.038
33.66699 0.028
33.67566 0.002
33.68126 0.007
33.94598 0.025
34.01531 0.002
34.31502 0.057
34.32560 0.038
34.39526 0.007
34.43336 0.009
34.56490 0.005
34.60496 0.131
34.62941 0.003
34.65403 0.028
34.65849 0.002
34.68951 0.036
34.69303 0.014
34.71808 0.045
34.72196 0.003
34.74014 0.001
34.76022 0.014
34.83003 0.002
34.83014 0.005
34.85774 0.002
34.86486 0.017
35.08794 0.018
35.10120 0.008
35.10545 0.008
35.17060 0.009
35.18984 0.002
35.27719 0.007
35.41858 0.001
35.50388 0.010
35.54682 0.014
35.57344 0.012
35.71833 0.038
35.78661 0.002
35.79497 0.017
35.84394 0.091
35.84532 0.002
35.92565 0.003
35.94639 0.037
35.96282 0.006
35.96802 0.002
35.99891 0.005
36.03203 0.004
36.22096 0.054
36.25143 0.004
36.33436 0.031
36.36238 0.030
36.42578 0.084
36.43805 0.006
36.66960 0.005
36.74184 0.003
37.20394 0.003
37.21943 0.003
37.23334 0.005
37.27253 0.036
37.28152 0.008
37.44692 0.003
37.50760 0.002
37.51424 0.017
37.54799 0.014
37.65576 0.004
37.75717 0.004
37.79287 0.009
37.91074 0.018
37.93047 0.008
37.93287 0.002
37.96014 0.005
38.12680 0.005
38.22307 0.012
38.31879 0.015
38.36414 0.030
38.36699 0.011
38.42567 0.002
38.47176 0.003
38.49519 0.006
38.58465 0.002
38.62118 0.001
38.71150 0.001
38.74507 0.005
38.77170 0.013
38.81219 0.136
38.84135 0.006
38.86993 0.019
38.88040 0.003
38.88729 0.007
38.90757 0.012
38.92148 0.016
38.94910 0.001
38.95183 0.014
39.07522 0.007
39.14048 0.003
39.21131 0.005
39.28641 0.014
39.55480 0.003
39.60493 0.009
39.60944 0.011
39.88463 0.002
39.89341 0.003
39.93749 0.005
40.04549 0.044
40.08877 0.005
40.10645 0.008
40.15191 0.003
40.17600 0.011
40.24008 0.003
40.29561 0.004
40.36674 0.003
40.57665 0.009
40.60376 0.075
40.65536 0.002
40.66328 0.009
40.78122 0.044
40.81457 0.029
40.82398 0.002
40.86554 0.015
40.92803 0.016
40.97665 0.002
40.99565 0.001
41.00517 0.018
41.02629 0.010
41.12451 0.013
41.25800 0.014
41.31995 0.001
41.42232 0.054
41.42585 0.005
41.43023 0.003
41.49186 0.003
41.57937 0.005
41.91962 0.004
41.94340 0.012
42.05109 0.025
42.07697 0.060
42.10296 0.002
42.11144 0.019
42.12877 0.005
42.19029 0.040
42.40543 0.004
42.43583 0.008
42.46314 0.048
42.64032 0.017
42.64895 0.003
42.66230 0.020
42.73581 0.039
42.76601 0.024
42.77445 0.004
42.79034 0.001
42.88382 0.004
42.94873 0.022
43.02901 0.008
43.04367 0.001
43.04396 0.004
43.06447 0.008
43.07738 0.003
43.11093 0.067
43.16778 0.048
43.21530 0.001
43.28146 0.001
43.34479 0.011
43.45219 0.042
43.58939 0.004
43.59583 0.003
43.76290 0.008
43.78809 0.012
43.81295 0.019
43.94971 0.138
44.08013 0.004
44.09270 0.004
44.12438 0.065
44.16401 0.010
44.21555 0.010
44.26429 0.044
44.27447 0.005
44.37300 0.004
44.53851 0.003
44.61010 0.044
44.70220 0.003
44.71548 0.013
44.81535 0.053
44.87143 0.001
44.87413 0.005
45.06712 0.003
45.15278 0.003
45.15358 0.029
45.18964 0.007
45.28432 0.036
45.36713 0.132
45.49119 0.040
45.53823 0.073
45.65710 0.033
45.75703 0.016
45.84837 0.092
45.85625 0.017
45.87946 0.003
45.92121 0.028
45.96993 0.003
46.06152 0.001
46.09364 0.111
46.15017 0.012
46.20694 0.002
46.21439 0.009
46.24832 0.003
46.43277 0.016
46.46260 0.007
46.50118 0.003
46.56362 0.002
46.62433 0.017
46.75988 0.014
46.80643 0.017
46.81925 0.003
46.94408 0.001
47.02342 0.001
47.03547 0.010
47.05738 0.009
47.17048 0.002
47.20611 0.014
47.21194 0.004
47.31024 0.028
47.37308 0.006
47.49109 0.002
47.52157 0.008
47.52830 0.013
47.60610 0.003
47.64157 0.014
47.68353 0.002
47.69106 0.001
47.83203 0.002
47.83340 0.001
47.87987 0.004
47.91513 0.021
47.93367 0.037
48.00879 0.005
48.01192 0.004
48.12437 0.003
48.19743 0.005
48.28054 0.027
48.33837 0.001
48.44870 0.002
48.56878 0.015
48.64418 0.008
48.73810 0.038
48.77644 0.004
48.81322 0.017
48.83721 0.017
48.86828 0.017
49.04050 0.025
49.09405 0.015
49.23204 0.006
49.42829 0.003
49.51428 0.001
49.80377 0.006
49.82171 0.004
49.83546 0.021
49.94532 0.003
50.00441 0.004
50.10203 0.011
50.30328 0.001
50.31682 0.004
50.37667 0.002
50.39195 0.001
50.44236 0.005
50.47867 0.002
50.52355 0.008
50.52446 0.006
50.53192 0.005
50.53847 0.006
50.53888 0.015
50.56767 0.001
50.73284 0.001
50.76978 0.002
50.78333 0.003
50.79558 0.005
50.79672 0.005
50.81345 0.008
50.89410 0.002
51.04173 0.001
51.07478 0.006
51.08308 0.003
51.10140 0.002
51.14020 0.003
51.23259 0.036
51.34112 0.005
51.36252 0.024
51.46670 0.002
51.51220 0.005
51.53006 0.003
51.57097 0.020
51.90087 0.001
51.92475 0.016
51.95287 0.001
51.96109 0.011
51.99095 0.028
52.00028 0.029
52.02855 0.003
52.08935 0.021
52.09399 0.003
52.15655 0.001
52.17839 0.001
52.26032 0.002
52.26753 0.002
52.27418 0.002
52.28635 0.001
52.31177 0.005
52.44911 0.017
52.45243 0.001
52.45458 0.002
52.47361 0.023
52.49635 0.013
52.58228 0.001
52.71610 0.007
52.81755 0.007
52.82418 0.006
52.83091 0.002
52.86223 0.003
52.87454 0.009
52.88967 0.007
52.89170 0.027
52.91121 0.030
52.92095 0.032
52.97123 0.001
53.02058 0.003
53.06097 0.039
53.13712 0.001
53.24270 0.002
53.26350 0.002
53.27265 0.002
53.33979 0.001
53.34292 0.009
53.36348 0.054
53.39470 0.002
53.43544 0.003
53.53312 0.004
53.59179 0.003
53.61179 0.033
53.62246 0.007
53.66106 0.004
53.68525 0.021
53.73696 0.011
53.77840 0.005
53.82380 0.003
53.83974 0.004
53.84692 0.009
53.86650 0.001
53.86878 0.008
53.93473 0.008
53.97531 0.020
53.97910 0.002
54.02693 0.019
54.06908 0.003
54.09514 0.006
54.10369 0.002
54.19312 0.001
54.19759 0.003
54.22938 0.018
54.23180 0.001
54.33384 0.021
54.34888 0.001
54.37606 0.017
54.49978 0.002
54.50195 0.004
54.51348 0.001
54.61141 0.003
54.62566 0.002
54.69671 0.002
54.76038 0.002
54.83351 0.003
54.88937 0.025
54.89197 0.001
54.91390 0.003
54.92741 0.001
54.93224 0.004
54.95238 0.003
54.96082 0.002
55.04189 0.006
55.11639 0.031
55.17894 0.003
55.20824 0.002
55.21461 0.001
55.21992 0.003
55.27938 0.003
55.28443 0.004
55.32903 0.002
55.36693 0.004
55.40285 0.012
55.40366 0.003
55.41381 0.015
55.41915 0.002
55.42457 0.017
55.46441 0.005
55.47020 0.002
55.54331 0.001
55.60149 0.009
55.62032 0.001
55.62887 0.002
55.77936 0.002
55.81271 0.013
55.87405 0.003
55.88782 0.002
55.91968 0.011
55.92265 0.019
55.97340 0.001
56.01449 0.003
56.03685 0.005
56.04528 0.006
56.05967 0.001
56.09580 0.043
56.15484 0.006
56.18633 0.047
56.19578 0.009
56.20795 0.006
56.28763 0.006
56.32002 0.010
56.35672 0.004
56.40868 0.002
56.45122 0.003
56.49746 0.002
56.50549 0.006
56.51372 0.002
56.55249 0.004
56.57376 0.002
56.59007 0.001
56.64811 0.005
56.72399 0.001
56.82333 0.008
57.00176 0.002
57.09078 0.003
57.11758 0.014
57.11942 0.006
57.16757 0.006
57.22418 0.003
57.26362 0.007
57.36952 0.001
57.37925 0.013
57.38782 0.002
57.39372 0.010
57.43581 0.001
57.48746 0.005
57.49045 0.013
57.49190 0.026
57.51439 0.003
57.53329 0.028
57.58277 0.029
57.61587 0.005
57.64324 0.010
57.65669 0.014
57.69154 0.021
57.69739 0.008
57.94324 0.003
57.94743 0.003
57.97624 0.001
58.21980 0.003
58.34297 0.003
58.34584 0.001
58.40943 0.002
58.43868 0.003
58.44790 0.002
58.54100 0.003
58.54614 0.003
58.60964 0.004
58.63693 0.001
58.65658 0.002
58.67083 0.006
58.75833 0.002
58.76082 0.002
58.76264 0.002
58.86251 0.003
58.96398 0.007
58.96561 0.006
58.97687 0.001
58.98599 0.008
59.00872 0.014
59.02264 0.002
59.02583 0.002
59.03695 0.003
59.07823 0.008
59.14561 0.007
59.16547 0.004
59.17267 0.008
59.19328 0.009
59.25369 0.012
59.31608 0.001
59.32892 0.004
59.33742 0.016
59.35525 0.006
59.38082 0.003
59.41394 0.007
59.46357 0.016
59.48527 0.001
59.50462 0.001
59.55243 0.003
59.59110 0.002
59.59921 0.013
59.64025 0.007
59.70352 0.001
59.72977 0.004
59.73527 0.012
59.74726 0.005
59.75151 0.002
59.87174 0.008
59.92300 0.006
59.92975 0.002
