2.93515 100.000
2.94619 98.212
3.02220 4.371
5.04654 2.975
5.17974 0.481
5.19853 0.552
5.87223 9.972
5.89433 9.429
6.04651 4.344
7.71625 1.060
7.72890 0.938
7.86224 2.289
7.89530 1.967
7.96083 0.147
7.98125 0.026
8.81317 0.806
8.84639 1.181
9.07504 0.069
10.10291 0.042
10.37011 0.104
10.40781 0.165
10.53512 0.052
10.55988 0.053
10.68556 0.862
10.73129 0.316
10.87900 0.101
10.89999 0.045
11.75995 0.328
11.80434 0.703
12.10993 0.154
12.72219 0.176
12.73504 0.110
13.00656 0.200
13.05931 0.250
13.10668 0.050
13.14659 0.063
13.41452 0.014
13.45110 0.085
13.56718 0.215
13.62501 0.061
13.87474 0.001
14.71455 0.186
14.77020 0.223
15.15338 0.070
15.17908 0.036
15.46777 0.162
15.49324 0.348
15.58192 0.142
15.63876 0.080
15.76179 0.023
15.82839 0.054
15.96041 0.020
16.00156 0.041
16.32810 0.036
16.37640 0.008
16.48223 0.066
16.55197 0.009
16.86066 0.017
16.88213 0.011
17.67902 0.045
17.74606 0.086
17.78664 0.015
17.79962 0.047
18.20763 0.011
18.20927 0.008
18.28164 0.014
18.28855 0.035
18.31033 0.036
18.32642 0.006
18.36974 0.016
18.58881 0.079
18.66862 0.203
18.88455 0.008
19.26648 0.022
19.32648 0.010
19.42178 0.060
19.50339 0.019
19.89244 0.023
19.91408 0.013
20.28543 0.004
20.50111 0.055
20.52697 0.026
20.65548 0.025
20.73402 0.103
20.82639 0.013
20.90273 0.010
20.93732 0.040
21.02434 0.002
21.13894 0.013
21.16063 0.007
21.20011 0.020
21.21079 0.011
21.27497 0.007
21.46547 0.025
21.55817 0.028
21.85763 0.004
21.90020 0.008
22.22630 0.046
22.29808 0.060
22.38270 0.020
22.47623 0.008
22.69465 0.585
22.80934 0.057
22.84187 0.201
22.86639 0.393
22.91108 0.028
22.93417 0.079
22.93539 0.034
22.94619 0.001
22.96798 0.004
22.97066 0.279
23.13776 0.170
23.18498 0.306
23.28096 0.023
23.29130 0.026
23.30625 0.147
23.30929 0.057
23.32995 0.012
23.37013 0.171
23.38873 0.007
23.41031 0.018
23.44086 0.016
23.46097 0.005
23.55286 0.031
23.55329 0.008
23.56302 0.002
23.57310 0.003
23.62442 0.088
23.64609 0.007
23.73632 0.065
23.73761 0.006
23.80816 0.027
23.83660 0.018
23.83873 0.010
23.87648 0.214
23.95063 0.014
23.99532 0.007
24.03922 0.005
24.06548 0.017
24.07221 0.013
24.10172 0.008
24.10560 0.022
24.10910 0.073
24.13463 0.004
24.16968 0.055
24.17190 0.140
24.20601 0.005
24.23356 0.034
24.24895 0.042
24.25592 0.303
24.35782 0.024
24.38079 0.003
24.39118 0.019
24.52019 0.130
24.58207 0.024
24.62758 0.438
24.66017 0.129
24.81380 0.025
24.82448 0.003
24.86933 0.003
24.87645 0.014
24.91167 0.159
24.91240 0.006
24.98557 0.008
25.03288 0.019
25.04768 0.004
25.07269 0.054
25.13109 0.099
25.18007 0.022
25.20684 0.007
25.23516 0.034
25.24241 0.141
25.28035 0.110
25.28192 0.096
25.29051 0.009
25.35419 0.149
25.36243 0.247
25.36434 0.009
25.40540 0.009
25.41639 0.054
25.43284 0.052
25.46422 0.473
25.46992 0.014
25.60467 0.005
25.63087 0.042
25.67824 0.008
25.80055 0.017
25.80884 0.001
25.83261 0.021
25.92063 0.015
25.94221 0.319
25.99741 0.002
26.02167 0.005
26.04361 0.008
26.08391 0.005
26.11538 0.003
26.13954 0.002
26.14904 0.028
26.18026 0.004
26.18457 0.007
26.19093 0.036
26.21174 0.003
26.25258 0.111
26.28799 0.018
26.29221 0.007
26.30237 0.067
26.30775 0.007
26.36592 0.040
26.38886 0.018
26.40197 0.253
26.47032 0.007
26.50895 0.066
26.54190 0.086
26.54548 0.068
26.59396 0.002
26.60840 0.016
26.65313 0.019
26.66698 0.019
26.68691 0.024
26.70888 0.002
26.75524 0.014
26.76231 0.003
26.79371 0.002
26.84035 0.025
26.87283 0.230
26.88344 0.022
26.95478 0.090
26.99535 0.016
27.01741 0.001
27.05893 0.025
27.09139 0.305
27.09214 0.026
27.24448 0.008
27.25785 0.010
27.28721 0.014
27.32935 0.001
27.35328 0.076
27.39099 0.010
27.44757 0.004
27.45869 0.002
27.46314 0.011
27.52709 0.262
27.54438 0.034
27.61486 0.062
27.64442 0.026
27.65198 0.014
27.67952 0.006
27.73724 0.031
27.74114 0.025
27.82513 0.073
27.83304 0.030
27.85117 0.003
27.85855 0.041
27.87252 0.017
27.90310 0.004
27.91475 0.001
27.94339 0.006
27.95829 0.002
27.96656 0.185
28.06131 0.019
28.07456 0.071
28.11463 0.097
28.13821 0.032
28.20871 0.009
28.21537 0.005
28.30443 0.003
28.30688 0.024
28.34255 0.077
28.34473 0.003
28.38515 0.011
28.42445 0.013
28.48415 0.019
28.50761 0.024
28.56486 0.035
28.57786 0.038
28.61614 0.024
28.62428 0.001
28.63538 0.065
28.68744 0.053
28.76816 0.006
28.87139 0.008
28.88096 0.015
28.92810 0.008
28.95728 0.012
28.98524 0.050
29.05192 0.059
29.08665 0.026
29.09985 0.030
29.10132 0.002
29.11990 0.004
29.13884 0.016
29.17227 0.007
29.18205 0.040
29.28542 0.012
29.31108 0.016
29.31789 0.004
29.31848 0.031
29.32421 0.006
29.34256 0.014
29.35921 0.015
29.36289 0.020
29.36869 0.013
29.41051 0.007
29.45345 0.001
29.49710 0.001
29.56168 0.049
29.61331 0.008
29.62515 0.003
29.62692 0.008
29.63194 0.153
29.65117 0.047
29.65500 0.012
29.67899 0.006
29.69076 0.052
29.84846 0.016
29.91551 0.021
29.97269 0.001
29.99361 0.007
29.99852 0.004
30.06304 0.006
30.08076 0.004
30.15072 0.013
30.21806 0.002
30.23001 0.034
30.23173 0.015
30.23463 0.006
30.30874 0.003
30.37080 0.004
30.38803 0.080
30.40502 0.012
30.43982 0.005
30.47578 0.004
30.49423 0.003
30.49865 0.003
30.58019 0.003
30.58783 0.014
30.62560 0.010
30.69773 0.034
30.74729 0.003
30.80233 0.010
30.82347 0.044
30.89097 0.003
30.94172 0.008
30.95347 0.009
30.96935 0.013
30.99199 0.001
31.00845 0.005
31.03115 0.024
31.03597 0.002
31.08915 0.016
31.12178 0.040
31.12853 0.014
31.16845 0.001
31.22672 0.018
31.23095 0.001
31.23327 0.004
31.27818 0.019
31.27913 0.002
31.35331 0.009
31.38901 0.027
31.39316 0.003
31.46166 0.003
31.48105 0.004
31.50273 0.007
31.50726 0.040
31.52342 0.002
31.55409 0.002
31.55877 0.001
31.57593 0.022
31.57869 0.001
31.59549 0.004
31.63150 0.014
31.63223 0.009
31.67496 0.014
31.68926 0.004
31.70989 0.005
31.71479 0.012
31.79487 0.002
31.81213 0.006
31.87231 0.001
31.96931 0.001
32.01244 0.003
32.03850 0.010
32.05109 0.006
32.05375 0.026
32.24142 0.001
32.26489 0.001
32.27427 0.006
32.27919 0.005
32.32257 0.009
32.35600 0.004
32.36792 0.002
32.44188 0.004
32.47282 0.089
32.55009 0.028
32.58416 0.001
32.58970 0.007
32.60958 0.001
32.63194 0.002
32.64994 0.002
32.72906 0.008
32.73783 0.006
32.73945 0.002
32.79942 0.011
32.85275 0.002
32.86032 0.001
32.89400 0.002
32.89902 0.007
32.93225 0.003
32.94014 0.008
32.94566 0.006
32.95731 0.002
32.97340 0.011
33.00006 0.003
33.02638 0.004
33.04405 0.002
33.09978 0.006
33.10945 0.002
33.11944 0.004
33.18285 0.013
33.25172 0.003
33.27204 0.046
33.28642 0.002
33.31838 0.001
33.32116 0.008
33.34120 0.004
33.36772 0.028
33.52953 0.006
33.56232 0.019
33.56239 0.002
33.60233 0.001
33.65678 0.005
33.67117 0.001
33.72412 0.001
33.75455 0.010
33.82995 0.014
33.85632 0.014
33.90167 0.017
33.90246 0.003
34.05653 0.005
34.05849 0.002
34.12153 0.016
34.14194 0.003
34.14530 0.001
34.18712 0.017
34.22647 0.006
34.24658 0.003
34.27595 0.002
34.30668 0.001
34.36719 0.007
34.40291 0.006
34.44365 0.001
34.45115 0.008
34.48611 0.014
34.49632 0.009
34.52620 0.002
34.55009 0.002
34.57107 0.004
34.58077 0.014
34.61845 0.004
34.71153 0.019
34.78099 0.002
34.78378 0.002
34.82147 0.012
34.82301 0.003
34.83759 0.003
34.87113 0.006
34.87521 0.008
34.88750 0.002
34.88925 0.003
34.91047 0.003
34.94737 0.002
34.95336 0.007
35.01843 0.014
35.04179 0.019
35.06672 0.007
35.08890 0.001
35.12838 0.003
35.20673 0.002
35.27067 0.006
35.33643 0.001
35.38849 0.003
35.39201 0.002
35.40105 0.006
35.42106 0.001
35.42571 0.004
35.42766 0.007
35.48413 0.002
35.49479 0.007
35.56502 0.001
35.58178 0.001
35.60643 0.009
35.61398 0.002
35.70927 0.002
35.77172 0.009
35.79735 0.003
35.84699 0.004
35.91779 0.002
35.92281 0.002
35.92530 0.005
35.93716 0.010
36.01361 0.004
36.02118 0.001
36.03720 0.013
36.04786 0.007
36.07369 0.007
36.11396 0.002
36.11515 0.002
36.12982 0.004
36.15483 0.001
36.17576 0.012
36.21961 0.008
36.22786 0.008
36.35882 0.002
36.37368 0.001
36.38850 0.002
36.41209 0.010
36.70912 0.007
36.72084 0.005
36.76580 0.011
36.76726 0.002
36.83393 0.002
36.87921 0.007
36.87924 0.005
36.89645 0.005
36.89986 0.001
36.99627 0.010
37.00257 0.003
37.01774 0.007
37.02293 0.004
37.05056 0.004
37.05345 0.007
37.06494 0.004
37.06676 0.002
37.06698 0.002
37.07402 0.001
37.08239 0.004
37.11030 0.008
37.14382 0.012
37.16317 0.002
37.16330 0.011
37.17192 0.004
37.24337 0.008
37.26209 0.002
37.28726 0.004
37.33195 0.002
37.33442 0.007
37.38615 0.002
37.39888 0.007
37.39916 0.003
37.46142 0.001
37.49025 0.004
37.49169 0.004
37.50307 0.004
37.56057 0.011
37.57017 0.002
37.58918 0.003
37.67101 0.018
37.67710 0.001
37.69071 0.007
37.69585 0.002
37.71955 0.001
37.80287 0.013
37.85718 0.001
37.86106 0.003
37.96790 0.007
37.97408 0.007
37.98121 0.009
38.02673 0.006
38.07091 0.002
38.11473 0.005
38.20586 0.002
38.39556 0.001
38.41819 0.003
38.44773 0.005
38.47568 0.002
38.51439 0.010
38.51673 0.004
38.57075 0.002
38.58559 0.002
38.59346 0.001
38.59922 0.011
38.61481 0.005
38.62484 0.005
38.63028 0.002
38.67469 0.014
38.79913 0.002
38.81606 0.007
38.81891 0.002
38.82687 0.005
38.83120 0.002
38.86751 0.005
38.89534 0.004
39.03233 0.024
39.04020 0.002
39.04757 0.002
39.08137 0.001
39.08539 0.005
39.10151 0.002
39.10634 0.003
39.30451 0.002
39.31910 0.006
39.32248 0.006
39.34717 0.003
39.35150 0.005
39.35398 0.005
39.37892 0.003
39.43143 0.004
39.50020 0.025
39.50475 0.016
39.56832 0.004
39.57475 0.001
39.59598 0.006
39.59644 0.002
39.60237 0.003
39.61422 0.002
39.66141 0.006
39.70232 0.005
39.72698 0.002
39.74000 0.002
39.75215 0.006
39.76481 0.002
39.84233 0.006
39.89420 0.002
39.96780 0.005
39.97170 0.007
40.04442 0.001
40.09337 0.003
40.14687 0.001
40.15134 0.003
40.17118 0.007
40.18021 0.003
40.22100 0.004
40.29213 0.005
40.40864 0.020
40.43558 0.034
40.45470 0.006
40.46381 0.001
40.50525 0.007
40.57485 0.004
40.62817 0.003
40.68986 0.001
40.72597 0.001
40.80177 0.006
40.84438 0.003
40.88903 0.003
41.04584 0.003
41.06196 0.007
41.13868 0.004
41.14871 0.007
41.15713 0.001
41.15913 0.003
41.17993 0.001
41.21063 0.002
41.22769 0.006
41.24403 0.036
41.31729 0.001
41.33289 0.003
41.35104 0.016
41.35924 0.012
41.36470 0.005
41.45246 0.009
41.45370 0.008
41.46305 0.002
41.49025 0.026
41.49969 0.001
41.50209 0.002
41.52366 0.009
41.60540 0.002
41.65002 0.001
41.66674 0.004
41.68655 0.002
41.73065 0.002
41.75245 0.009
41.77371 0.003
41.78183 0.002
41.80854 0.006
41.81741 0.004
41.85754 0.004
41.95287 0.004
41.96244 0.003
42.00259 0.009
42.04614 0.006
42.15617 0.001
42.20941 0.005
42.21450 0.002
42.26723 0.006
42.26884 0.002
42.27492 0.001
42.27622 0.002
42.28002 0.004
42.30353 0.010
42.36079 0.007
42.38056 0.005
42.38361 0.057
42.38859 0.018
42.40364 0.002
42.42157 0.002
42.48954 0.002
42.49041 0.002
42.49087 0.027
42.50643 0.025
42.52482 0.002
42.54472 0.048
42.54804 0.002
42.56224 0.004
42.60287 0.006
42.61773 0.038
42.62548 0.001
42.64472 0.003
42.74912 0.015
42.80147 0.024
42.81775 0.007
42.83588 0.007
42.86679 0.012
43.04358 0.014
43.06814 0.018
43.08944 0.002
43.13927 0.002
43.17290 0.012
43.25944 0.015
43.33120 0.010
43.39601 0.002
43.40004 0.008
43.47535 0.003
43.48522 0.001
43.52634 0.002
43.54255 0.005
43.54655 0.018
43.62498 0.017
43.63184 0.001
43.67687 0.006
43.69002 0.003
43.70037 0.011
43.73434 0.007
43.76154 0.003
43.76774 0.001
43.80101 0.018
43.81095 0.007
43.89978 0.002
43.92291 0.002
43.93065 0.022
43.93620 0.005
43.94665 0.013
43.95088 0.002
43.96374 0.002
43.97323 0.001
43.98709 0.007
44.05677 0.004
44.06812 0.005
44.11624 0.002
44.13556 0.004
44.18848 0.001
44.20927 0.002
44.22991 0.004
44.26244 0.003
44.30931 0.005
44.31882 0.002
44.34348 0.004
44.36362 0.013
44.39322 0.001
44.39819 0.004
44.52446 0.005
44.56562 0.011
44.59199 0.005
44.60862 0.003
44.63123 0.001
44.63225 0.003
44.65597 0.005
44.69872 0.016
44.69934 0.004
44.70764 0.017
44.71431 0.011
44.80752 0.013
44.92710 0.003
44.94702 0.005
44.98912 0.002
45.02855 0.002
45.06406 0.002
45.07075 0.002
45.10616 0.001
45.14630 0.030
45.17088 0.002
45.18423 0.003
45.25138 0.002
45.25467 0.001
45.29323 0.002
45.32582 0.010
45.34415 0.002
45.37011 0.007
45.38800 0.006
45.40305 0.002
45.41484 0.003
45.42034 0.002
45.42648 0.003
45.44250 0.011
45.50425 0.002
45.56876 0.001
45.63008 0.008
45.69428 0.003
45.69898 0.010
45.74291 0.005
45.77317 0.009
45.78254 0.001
45.79823 0.002
45.88085 0.002
45.89063 0.007
45.93484 0.013
46.02531 0.002
46.04761 0.011
46.07721 0.001
46.08054 0.005
46.09502 0.002
46.10477 0.005
46.12012 0.004
46.17006 0.001
46.20715 0.008
46.21205 0.001
46.23669 0.005
46.24571 0.006
46.29008 0.001
46.30224 0.001
46.32891 0.001
46.34641 0.004
46.34684 0.003
46.36435 0.001
46.37299 0.003
46.40000 0.003
46.42005 0.004
46.49282 0.006
46.49650 0.004
46.50534 0.002
46.51615 0.002
46.53170 0.002
46.53750 0.006
46.66059 0.005
46.68267 0.004
46.68309 0.002
46.68334 0.005
46.68497 0.006
46.70921 0.001
46.71294 0.002
46.72882 0.006
46.73290 0.010
46.77495 0.002
46.78040 0.021
46.78875 0.006
46.78941 0.006
46.79365 0.001
46.80107 0.001
46.80838 0.016
46.82472 0.004
46.84006 0.001
46.86031 0.003
46.87388 0.004
46.88263 0.002
46.88337 0.001
46.88476 0.001
46.89050 0.006
46.95006 0.006
47.02291 0.002
47.03642 0.002
47.04666 0.005
47.05159 0.007
47.08244 0.001
47.09366 0.002
47.14932 0.007
47.14955 0.010
47.19268 0.003
47.24405 0.002
47.26610 0.002
47.28228 0.007
47.29273 0.002
47.36848 0.002
47.39390 0.002
47.42262 0.001
47.42509 0.005
47.43717 0.005
47.45044 0.006
47.51684 0.001
47.58058 0.003
47.59240 0.006
47.59932 0.002
47.60071 0.001
47.62146 0.002
47.63928 0.003
47.69550 0.004
47.70423 0.015
47.75075 0.002
47.75913 0.002
47.76655 0.002
47.79030 0.011
47.79281 0.004
47.81114 0.004
47.81442 0.004
47.81613 0.009
47.83013 0.004
47.85830 0.003
47.87637 0.001
47.91351 0.002
47.94129 0.001
47.94183 0.003
47.94523 0.005
47.94997 0.004
47.97612 0.002
47.98493 0.027
48.00228 0.001
48.06281 0.001
48.07399 0.003
48.09628 0.002
48.11335 0.003
48.12076 0.004
48.16439 0.006
48.18069 0.002
48.18194 0.003
48.19110 0.001
48.19786 0.009
48.22537 0.006
48.27579 0.008
48.31464 0.002
48.33547 0.003
48.35823 0.016
48.35848 0.003
48.36528 0.002
48.37373 0.003
48.38401 0.005
48.38953 0.015
48.42062 0.001
48.46580 0.004
48.46754 0.006
48.48536 0.007
48.49171 0.002
48.51574 0.002
48.55350 0.014
48.57408 0.001
48.61302 0.009
48.61638 0.008
48.62351 0.004
48.64870 0.021
48.65445 0.006
48.66014 0.011
48.66070 0.002
48.67624 0.003
48.68067 0.002
48.68279 0.005
48.70637 0.009
48.74303 0.003
48.78689 0.003
48.79250 0.023
48.79564 0.003
48.83859 0.006
48.85200 0.006
48.85679 0.004
48.86479 0.002
48.87677 0.005
48.88342 0.002
48.89406 0.006
48.95332 0.001
49.01683 0.006
49.02462 0.005
49.03618 0.006
49.04569 0.003
49.09594 0.007
49.13146 0.003
49.15101 0.019
49.17083 0.003
49.17408 0.001
49.21484 0.002
49.22409 0.005
49.23093 0.016
49.26375 0.004
49.28324 0.001
49.29772 0.002
49.31361 0.003
49.32429 0.002
49.36124 0.001
49.36960 0.004
49.37713 0.003
49.39754 0.002
49.43209 0.001
49.43987 0.002
49.46605 0.001
49.48021 0.004
49.48576 0.003
49.49822 0.008
49.50136 0.009
49.50757 0.009
49.53554 0.002
49.53844 0.003
49.55535 0.003
49.58479 0.002
49.58582 0.004
49.66130 0.012
49.67831 0.003
49.68482 0.001
49.69335 0.010
49.69450 0.001
49.69786 0.002
49.70365 0.004
49.72248 0.002
49.73509 0.001
49.73832 0.005
49.79052 0.002
49.82313 0.002
49.86489 0.017
49.87436 0.006
49.90337 0.003
49.93485 0.005
49.96254 0.003
49.98992 0.002
50.02943 0.003
50.07865 0.005
50.07883 0.002
50.10546 0.013
50.13432 0.007
50.14391 0.003
50.15419 0.004
50.17012 0.002
50.17978 0.008
50.21195 0.007
50.21852 0.003
50.22628 0.001
50.22840 0.002
50.23784 0.001
50.26819 0.005
50.27826 0.001
50.28773 0.001
50.39426 0.007
50.45072 0.007
50.46767 0.002
50.49522 0.003
50.54756 0.003
50.56565 0.016
50.57993 0.005
50.58952 0.001
50.60946 0.002
50.64051 0.011
50.64961 0.001
50.67102 0.002
50.68902 0.002
50.69698 0.003
50.72566 0.002
50.74064 0.012
50.74621 0.001
50.75648 0.003
50.77127 0.006
50.78997 0.002
50.81158 0.002
50.82137 0.002
50.85493 0.005
50.85496 0.014
50.87173 0.003
50.88150 0.005
50.89605 0.011
50.89778 0.007
50.91601 0.018
50.92089 0.011
50.92238 0.001
50.93732 0.002
50.94662 0.003
51.01593 0.002
51.02643 0.005
51.03182 0.002
51.06027 0.002
51.08207 0.004
51.08735 0.001
51.11116 0.001
51.11259 0.006
51.13190 0.003
51.13756 0.003
51.17095 0.003
51.17511 0.002
51.18166 0.004
51.18476 0.002
51.19006 0.001
51.21324 0.001
51.22755 0.002
51.23975 0.006
51.23984 0.008
51.28393 0.004
51.29784 0.001
51.30298 0.001
51.37207 0.001
51.40162 0.009
51.40413 0.003
51.43498 0.004
51.49064 0.001
51.49193 0.005
51.49314 0.001
51.50359 0.004
51.50392 0.012
51.57186 0.001
51.58493 0.002
51.60036 0.002
51.62031 0.001
51.64616 0.004
51.64648 0.001
51.64717 0.010
51.67860 0.002
51.69676 0.003
51.71993 0.001
51.72594 0.006
51.74921 0.001
51.83964 0.002
51.88103 0.002
51.88551 0.004
51.89445 0.002
51.91212 0.007
51.91221 0.004
51.93586 0.002
51.98284 0.008
52.02359 0.007
52.02709 0.012
52.06902 0.011
52.09875 0.007
52.13847 0.001
52.18024 0.002
52.18480 0.002
52.18993 0.004
52.19797 0.001
52.21347 0.003
52.25576 0.001
52.27882 0.003
52.30645 0.002
52.30806 0.005
52.32213 0.005
52.34003 0.003
52.35491 0.005
52.36706 0.001
52.40959 0.002
52.40968 0.003
52.48558 0.002
52.48682 0.006
52.49882 0.002
52.50826 0.002
52.51305 0.002
52.52336 0.001
52.54607 0.006
52.61345 0.007
52.61590 0.002
52.65019 0.005
52.67047 0.003
52.67790 0.004
52.68414 0.006
52.68567 0.001
52.72028 0.003
52.73743 0.002
52.75723 0.002
52.77357 0.009
52.84733 0.003
52.88680 0.002
52.89576 0.001
52.93922 0.008
52.96311 0.001
52.98416 0.020
53.00763 0.001
53.04077 0.005
53.04775 0.004
53.05799 0.003
53.07510 0.002
53.09909 0.002
53.12575 0.003
53.14329 0.003
53.15012 0.005
53.15087 0.001
53.30212 0.002
53.33071 0.008
53.33957 0.001
53.34241 0.007
53.34872 0.003
53.36647 0.001
53.36650 0.001
53.38397 0.002
53.38767 0.002
53.43391 0.011
53.46916 0.006
53.47013 0.002
53.53484 0.001
53.53929 0.002
53.56231 0.007
53.59179 0.009
53.59243 0.002
53.62947 0.001
53.63225 0.004
53.65505 0.002
53.65747 0.001
53.65796 0.003
53.70290 0.002
53.71723 0.002
53.75519 0.003
53.75936 0.003
53.80021 0.001
53.80273 0.003
53.86082 0.001
53.86842 0.002
53.87784 0.002
53.89404 0.005
53.92668 0.001
53.93228 0.001
53.93257 0.001
53.93720 0.001
53.95404 0.004
53.95940 0.002
53.98273 0.001
54.01588 0.010
54.02648 0.002
54.03129 0.002
54.03200 0.004
54.05158 0.001
54.11313 0.004
54.12785 0.002
54.14712 0.002
54.19320 0.002
54.21566 0.011
54.27437 0.001
54.27565 0.010
54.31266 0.004
54.32269 0.002
54.34968 0.003
54.38057 0.001
54.40683 0.009
54.41718 0.001
54.42697 0.001
54.45537 0.001
54.46301 0.002
54.47848 0.009
54.50291 0.003
54.50901 0.001
54.52898 0.005
54.53695 0.003
54.54788 0.001
54.57145 0.001
54.58084 0.003
54.58754 0.007
54.62144 0.002
54.65972 0.005
54.66635 0.004
54.66756 0.004
54.69858 0.008
54.70748 0.004
54.76630 0.001
54.77381 0.001
54.80546 0.004
54.86750 0.001
54.91479 0.003
54.91887 0.002
54.93177 0.024
54.97764 0.003
54.98443 0.002
55.00081 0.004
55.01387 0.002
55.01450 0.003
55.01503 0.003
55.02584 0.002
55.04185 0.006
55.09816 0.003
55.10003 0.001
55.10415 0.002
55.26332 0.003
55.26986 0.003
55.29260 0.003
55.30673 0.003
55.31443 0.002
55.32297 0.004
55.36441 0.001
55.38579 0.011
55.41011 0.002
55.47663 0.002
55.54342 0.003
55.56589 0.002
55.57247 0.002
55.60029 0.005
55.63588 0.003
55.64110 0.005
55.64142 0.003
55.64759 0.003
55.66335 0.002
55.67043 0.003
55.70482 0.002
55.70791 0.002
55.72017 0.001
55.74427 0.009
55.75456 0.003
55.78227 0.002
55.79493 0.001
55.80531 0.003
55.85813 0.003
55.86636 0.001
55.92718 0.001
55.97623 0.001
56.01882 0.006
56.04553 0.002
56.05422 0.002
56.05468 0.002
56.06642 0.002
56.09732 0.002
56.10271 0.002
56.11030 0.001
56.15284 0.001
56.15663 0.004
56.16098 0.002
56.20316 0.003
56.23295 0.002
56.25142 0.001
56.32024 0.007
56.34226 0.002
56.34886 0.002
56.39056 0.002
56.39437 0.003
56.39911 0.005
56.41471 0.002
56.42899 0.002
56.44334 0.002
56.45516 0.005
56.46876 0.002
56.51529 0.001
56.51609 0.003
56.54635 0.001
56.60493 0.001
56.65365 0.004
56.67223 0.012
56.67591 0.002
56.68143 0.001
56.71375 0.002
56.72165 0.001
56.72394 0.002
56.72752 0.001
56.73012 0.001
56.75089 0.001
56.79867 0.001
56.83711 0.001
56.84487 0.002
56.94408 0.003
56.94841 0.001
56.97716 0.001
57.03442 0.002
57.07606 0.001
57.10916 0.001
57.15210 0.002
57.18439 0.002
57.20182 0.002
57.20731 0.002
57.20847 0.002
57.21581 0.003
57.22215 0.002
57.24383 0.002
57.25037 0.002
57.26138 0.001
57.26396 0.005
57.29149 0.002
57.29318 0.003
57.32950 0.001
57.33322 0.001
57.34676 0.003
57.34994 0.002
57.41398 0.004
57.42552 0.005
57.44679 0.002
57.44914 0.003
57.45560 0.002
57.45809 0.005
57.50346 0.005
57.52276 0.003
57.54368 0.003
57.59097 0.001
57.62107 0.005
57.74799 0.001
57.77870 0.001
57.80551 0.006
57.85084 0.001
57.87502 0.004
57.88006 0.001
57.89327 0.006
57.90126 0.001
57.90170 0.004
57.90291 0.005
57.94140 0.001
57.94595 0.007
57.98187 0.002
58.00130 0.003
58.02042 0.002
58.02260 0.001
58.11337 0.001
58.12781 0.009
58.12839 0.001
58.18014 0.003
58.19303 0.002
58.20118 0.001
58.23263 0.002
58.25693 0.002
58.26656 0.003
58.31032 0.002
58.33487 0.002
58.35150 0.003
58.36274 0.005
58.45248 0.001
58.54201 0.001
58.55628 0.005
58.63420 0.002
58.63904 0.004
58.72895 0.001
58.74309 0.001
58.77140 0.002
58.85719 0.006
58.91340 0.001
58.91800 0.001
58.93485 0.001
58.94138 0.005
58.94930 0.002
58.95158 0.001
58.98788 0.003
58.99914 0.002
59.02119 0.001
59.02724 0.001
59.06597 0.002
59.06674 0.001
59.07572 0.003
59.09928 0.001
59.10867 0.002
59.14147 0.002
59.17082 0.002
59.18139 0.003
59.24045 0.003
59.24337 0.003
59.25220 0.002
59.26153 0.002
59.31098 0.002
59.33007 0.002
59.35286 0.001
59.42615 0.002
59.43337 0.001
59.43463 0.003
59.43893 0.003
59.46583 0.001
59.53895 0.001
59.58872 0.001
59.76080 0.002
59.79776 0.001
59.79934 0.001
59.82120 0.001
59.84156 0.003
59.84820 0.002
59.85964 0.001
59.88884 0.004
59.92159 0.001
59.92993 0.002
59.95511 0.002
