3.62999 99.247
3.71713 100.000
5.14993 3.938
5.24256 0.420
7.26362 14.718
7.43817 17.171
8.10246 3.553
8.22044 0.662
8.22064 0.466
8.33696 0.012
10.31030 0.304
10.90459 2.179
11.16709 3.486
11.46121 2.433
11.58718 0.086
11.68385 0.356
11.80748 0.252
13.10203 0.055
13.22461 0.075
13.32225 0.005
13.44286 0.186
14.55664 1.008
14.90791 1.648
14.96389 0.353
15.09329 0.259
15.28486 0.025
15.49174 0.003
15.77193 0.091
16.24578 0.095
16.48357 0.009
16.48397 0.019
18.22335 0.090
18.22362 0.031
18.34791 0.002
18.53935 0.293
18.54255 0.015
18.66479 0.173
18.67082 0.004
18.95625 0.082
19.08495 0.029
19.58241 0.019
19.83118 0.005
19.92927 0.018
20.17394 0.012
21.08163 0.029
21.25000 0.032
21.49512 0.015
21.83596 0.004
21.90953 0.002
22.16371 0.086
22.29675 0.007
22.44203 0.003
22.67606 0.054
22.80627 0.036
23.03912 0.007
23.29500 0.032
23.49144 0.016
23.54151 0.009
23.74271 0.015
23.83406 0.003
23.95810 0.031
24.47273 0.007
24.83412 0.001
25.08658 1.975
25.19125 0.008
25.31945 0.071
25.33090 0.060
25.39318 0.497
25.40780 1.037
25.57140 0.979
25.61854 0.003
25.62508 0.109
25.62825 0.008
25.72049 0.256
25.82860 0.012
25.96253 0.070
25.96306 0.008
26.07829 0.608
26.12593 0.755
26.22159 0.179
26.24414 0.003
26.27519 0.568
26.33293 0.145
26.36912 0.186
26.36937 0.061
26.37938 0.004
26.40243 0.110
26.43704 0.015
26.43729 0.230
26.47950 0.067
26.54877 0.130
26.56863 0.018
26.58099 0.001
26.58775 0.271
26.62959 0.015
26.82896 0.007
26.84227 0.036
27.07532 0.045
27.11901 0.008
27.13708 0.002
27.18988 0.007
27.32233 0.232
27.39345 0.007
27.40077 0.306
27.42714 0.235
27.52801 0.045
27.57538 0.142
27.59218 0.033
27.64096 0.109
27.66875 0.248
27.68256 0.010
27.72528 0.178
27.82701 0.084
27.83491 0.001
27.84994 0.025
27.94833 0.036
28.20989 0.003
28.30948 0.002
28.33840 0.043
28.37118 0.253
28.39572 0.010
28.42267 0.254
28.67238 0.057
28.67498 0.174
28.67875 0.016
28.73452 0.108
28.80012 0.001
28.99405 0.305
29.17218 0.233
29.24113 0.017
29.24237 0.001
29.25357 0.046
29.40513 0.002
29.40916 0.100
29.43169 0.019
29.44144 0.084
29.53171 0.003
29.56675 0.002
29.57519 0.002
29.61414 0.177
29.62246 0.051
29.74017 0.032
29.90337 0.022
29.96507 0.139
29.97244 0.164
29.97487 0.007
30.00481 0.002
30.07590 0.002
30.09315 0.025
30.09807 0.102
30.10596 0.001
30.23467 0.025
30.35737 0.022
30.37121 0.034
30.45670 0.015
30.49238 0.079
30.85047 0.001
31.03092 0.077
31.15703 0.003
31.16055 0.004
31.21007 0.024
31.22323 0.022
31.23467 0.005
31.25529 0.073
31.27262 0.005
31.27605 0.003
31.29403 0.119
31.29465 0.002
31.30404 0.002
31.33586 0.032
31.50472 0.003
31.52455 0.068
31.59299 0.016
31.60709 0.062
31.60977 0.012
31.66882 0.153
31.68941 0.017
31.85298 0.003
31.89012 0.005
31.93688 0.131
31.97088 0.039
32.11036 0.023
32.14882 0.054
32.18776 0.004
32.26921 0.036
32.33923 0.025
32.41379 0.007
32.61309 0.003
32.74062 0.006
32.75525 0.008
32.83011 0.018
33.05039 0.009
33.22925 0.013
33.26056 0.010
33.32116 0.014
33.32199 0.004
33.37419 0.073
33.56705 0.003
33.57695 0.020
33.60837 0.010
33.71705 0.013
33.73040 0.067
33.73074 0.046
33.80671 0.025
33.86068 0.004
33.92005 0.004
33.94242 0.004
33.95365 0.029
34.00040 0.005
34.12998 0.002
34.13074 0.017
34.20981 0.024
34.21659 0.001
34.27160 0.010
34.36199 0.001
34.42898 0.001
34.51662 0.046
34.55887 0.007
34.58276 0.008
34.60484 0.035
34.62543 0.010
34.63650 0.021
34.70939 0.012
34.72113 0.004
34.72249 0.004
34.75296 0.005
34.75334 0.006
34.86160 0.001
35.10159 0.002
35.12888 0.005
35.21730 0.003
35.25239 0.051
35.25591 0.007
35.30596 0.007
35.40909 0.002
35.50210 0.002
35.59888 0.002
35.68098 0.004
35.94644 0.031
35.97340 0.020
36.09821 0.019
36.15625 0.022
36.19991 0.013
36.24773 0.005
36.34802 0.002
36.40823 0.058
36.41979 0.028
36.42846 0.046
36.47386 0.001
36.49547 0.024
36.59885 0.007
36.64435 0.003
36.67434 0.007
36.74320 0.015
36.75543 0.002
36.77079 0.009
36.79061 0.002
36.81511 0.003
36.82928 0.001
36.84946 0.001
36.85708 0.019
36.92917 0.099
36.92975 0.004
36.96832 0.005
37.00177 0.002
37.03452 0.001
37.08146 0.004
37.15092 0.020
37.19932 0.005
37.30534 0.016
37.32373 0.005
37.34252 0.005
37.35765 0.025
37.50976 0.030
37.58756 0.004
37.59424 0.008
37.71802 0.026
37.72354 0.003
37.84423 0.002
37.84975 0.002
37.86177 0.001
37.91732 0.001
37.96801 0.007
37.98299 0.009
38.10416 0.002
38.20233 0.006
38.29033 0.002
38.36263 0.003
38.43983 0.024
38.45770 0.008
38.47958 0.014
38.57943 0.004
38.59026 0.004
38.59225 0.005
38.67671 0.004
38.72543 0.026
38.72667 0.004
38.78780 0.010
38.90000 0.020
38.95265 0.009
39.00696 0.021
39.14397 0.002
39.18933 0.002
39.19747 0.004
39.21937 0.002
39.24224 0.033
39.30651 0.003
39.33564 0.001
39.34607 0.033
39.41060 0.074
39.45848 0.001
39.49747 0.008
39.49911 0.012
39.49995 0.007
39.60477 0.001
39.70212 0.029
39.76001 0.004
39.79013 0.001
39.86248 0.002
40.01058 0.003
40.01620 0.004
40.02967 0.055
40.06445 0.011
40.10182 0.008
40.14485 0.006
40.27457 0.002
40.28965 0.020
40.32133 0.001
40.40938 0.003
40.49555 0.003
40.49912 0.017
40.56722 0.011
40.62541 0.007
40.67210 0.001
40.72748 0.008
40.72892 0.021
40.77842 0.030
40.81369 0.006
40.86927 0.005
40.89219 0.009
40.91986 0.001
40.92459 0.004
41.00958 0.022
41.03081 0.002
41.03192 0.005
41.03295 0.041
41.10472 0.001
41.12664 0.011
41.26262 0.016
41.37147 0.009
41.51009 0.002
41.57480 0.016
41.65023 0.018
41.66845 0.029
41.71392 0.009
41.78588 0.006
41.80219 0.026
41.90532 0.032
41.99825 0.014
42.00109 0.003
42.00216 0.033
42.04330 0.056
42.12817 0.053
42.20691 0.002
42.26222 0.002
42.26944 0.006
42.35064 0.018
42.35183 0.019
42.45098 0.017
42.47009 0.001
42.56734 0.003
42.58857 0.007
42.61737 0.060
42.62388 0.072
42.65343 0.003
42.70076 0.001
42.73518 0.021
42.76389 0.006
42.79456 0.002
42.84594 0.009
42.88851 0.002
42.92249 0.002
42.97867 0.002
43.08238 0.004
43.12954 0.003
43.19207 0.001
43.25016 0.002
43.27838 0.037
43.29598 0.010
43.48181 0.016
43.49888 0.001
43.53296 0.110
43.53962 0.018
43.55408 0.003
43.64587 0.001
43.70727 0.001
43.71506 0.002
43.81132 0.004
43.86715 0.003
43.91574 0.066
44.00768 0.005
44.05697 0.002
44.10189 0.010
44.15760 0.002
44.41682 0.003
44.48237 0.003
44.61684 0.020
44.67577 0.004
44.69945 0.001
44.77553 0.008
44.87282 0.004
44.91742 0.006
44.91827 0.005
44.94407 0.004
44.94525 0.002
44.98532 0.003
45.05169 0.038
45.12792 0.035
45.15038 0.010
45.20006 0.002
45.20538 0.042
45.21576 0.009
45.22562 0.006
45.23331 0.019
45.38936 0.003
45.41643 0.004
45.45934 0.004
45.47655 0.004
45.49873 0.014
45.52308 0.095
45.62752 0.001
45.63359 0.001
45.69380 0.008
45.71947 0.018
45.80799 0.012
45.82587 0.005
45.83317 0.002
45.84337 0.008
45.85747 0.004
45.89805 0.011
45.90025 0.008
45.91624 0.019
45.98043 0.012
46.04531 0.008
46.14631 0.003
46.17792 0.010
46.22476 0.008
46.26949 0.003
46.30677 0.011
46.35431 0.003
46.40724 0.002
46.41678 0.005
46.43050 0.021
46.56512 0.038
46.58458 0.005
46.65328 0.002
46.65899 0.031
46.89361 0.014
46.97002 0.009
47.02775 0.017
47.04020 0.004
47.13345 0.002
47.25426 0.020
47.27532 0.036
47.30523 0.003
47.32410 0.003
47.37524 0.003
47.41558 0.002
47.43304 0.002
47.43912 0.034
47.47472 0.003
47.69935 0.001
47.72387 0.004
47.75060 0.010
47.82928 0.007
47.88470 0.044
48.05024 0.013
48.09499 0.002
48.11185 0.008
48.15762 0.020
48.23628 0.005
48.24548 0.004
48.25106 0.002
48.35239 0.005
48.36413 0.001
48.37552 0.003
48.44570 0.007
48.44650 0.005
48.47885 0.003
48.70943 0.015
48.71568 0.002
48.75594 0.003
48.78647 0.012
48.89610 0.011
48.95273 0.021
48.96726 0.006
48.98243 0.006
49.09624 0.004
49.13480 0.006
49.14768 0.016
49.18273 0.003
49.23325 0.011
49.24658 0.002
49.24846 0.004
49.32666 0.014
49.36026 0.001
49.41150 0.001
49.51285 0.011
49.56973 0.006
49.61235 0.005
49.65339 0.001
49.66778 0.034
49.68193 0.015
49.77936 0.003
49.80029 0.030
49.81955 0.025
49.84417 0.007
49.84469 0.001
49.86473 0.010
49.87389 0.001
49.89255 0.005
50.02535 0.001
50.04163 0.004
50.05198 0.008
50.14006 0.004
50.16088 0.013
50.37097 0.002
50.37434 0.002
50.38199 0.017
50.41470 0.003
50.60701 0.027
50.61385 0.003
50.62805 0.003
50.69570 0.001
50.71769 0.008
50.75267 0.030
50.86960 0.001
50.87804 0.001
50.93437 0.014
50.94307 0.004
51.19611 0.026
51.22664 0.001
51.36917 0.002
51.42338 0.019
51.42846 0.011
51.44928 0.002
51.48843 0.019
51.54884 0.003
51.59490 0.002
51.65217 0.002
51.67081 0.004
51.67545 0.006
51.68432 0.007
51.71193 0.042
51.78167 0.004
51.78516 0.002
51.87514 0.003
51.96239 0.001
51.96366 0.002
51.98001 0.007
51.99358 0.013
52.01844 0.025
52.13476 0.002
52.15371 0.005
52.16002 0.001
52.17749 0.012
52.18546 0.011
52.18560 0.001
52.19348 0.008
52.22806 0.002
52.25393 0.011
52.28360 0.030
52.35560 0.010
52.37614 0.006
52.38130 0.004
52.39687 0.002
52.54109 0.022
52.55267 0.003
52.60003 0.003
52.67126 0.001
52.67974 0.002
52.68593 0.008
52.77784 0.002
52.78697 0.006
52.80560 0.031
52.85820 0.039
52.86555 0.006
52.87264 0.018
52.87367 0.003
52.90585 0.003
52.91061 0.006
52.91762 0.006
52.93567 0.002
52.98573 0.004
52.99957 0.036
53.01157 0.011
53.01522 0.005
53.02430 0.012
53.07433 0.002
53.12549 0.002
53.17561 0.002
53.18473 0.002
53.19640 0.002
53.26589 0.001
53.33439 0.021
53.36064 0.022
53.40625 0.001
53.58954 0.002
53.60752 0.002
53.63277 0.018
53.64569 0.009
53.66913 0.006
53.69624 0.001
53.74973 0.015
53.77517 0.005
53.77793 0.006
53.79322 0.014
53.81525 0.011
53.87382 0.012
53.91046 0.021
53.95874 0.001
54.04626 0.013
54.07591 0.004
54.09710 0.021
54.10725 0.022
54.20221 0.002
54.21901 0.001
54.23495 0.005
54.27732 0.007
54.28139 0.003
54.28192 0.004
54.35427 0.001
54.43060 0.001
54.43366 0.025
54.67476 0.003
54.69305 0.002
54.70656 0.011
54.71897 0.003
54.76020 0.015
54.79561 0.006
54.85192 0.007
54.88135 0.010
54.89094 0.002
54.92207 0.003
55.01075 0.002
55.01396 0.007
55.04054 0.002
55.04319 0.010
55.04345 0.014
55.07651 0.001
55.10453 0.016
55.10754 0.009
55.11735 0.001
55.12425 0.001
55.13312 0.014
55.16687 0.012
55.17066 0.008
55.19650 0.021
55.21952 0.009
55.23648 0.002
55.34752 0.008
55.47049 0.005
55.47851 0.001
55.47989 0.002
55.49065 0.005
55.49775 0.006
55.51958 0.056
55.51999 0.001
55.57686 0.003
55.63074 0.001
55.96613 0.003
55.96618 0.005
55.96694 0.001
55.99714 0.004
56.06998 0.004
56.12762 0.004
56.14525 0.003
56.25801 0.002
56.28686 0.010
56.29643 0.007
56.37509 0.032
56.43884 0.004
56.45800 0.001
56.50258 0.002
56.52905 0.020
56.53195 0.001
56.54811 0.021
56.55090 0.001
56.60627 0.008
56.68341 0.001
56.69790 0.012
56.72974 0.004
56.73618 0.010
56.75151 0.016
56.78309 0.002
56.82449 0.004
56.87986 0.042
56.90351 0.001
56.93273 0.001
56.97075 0.003
56.99443 0.007
57.00943 0.004
57.10038 0.002
57.15486 0.001
57.17053 0.002
57.20770 0.002
57.25972 0.003
57.26240 0.016
57.29085 0.001
57.32554 0.012
57.45391 0.003
57.46258 0.002
57.50769 0.002
57.59349 0.002
57.64064 0.002
57.69591 0.002
57.70197 0.005
57.72515 0.006
57.73238 0.003
57.73787 0.001
57.83656 0.002
57.85744 0.001
57.85950 0.004
57.89751 0.023
57.98658 0.002
58.11451 0.014
58.11601 0.008
58.26058 0.002
58.35436 0.016
58.41763 0.001
58.42028 0.002
58.42487 0.009
58.50253 0.009
58.54204 0.002
58.55710 0.004
58.55812 0.006
58.56230 0.020
58.60611 0.004
58.67220 0.002
58.68900 0.017
58.69787 0.002
58.72988 0.010
58.76574 0.001
58.81243 0.002
58.83276 0.007
58.89359 0.002
58.90605 0.003
59.00719 0.002
59.05086 0.001
59.10571 0.002
59.14593 0.002
59.17206 0.007
59.19640 0.003
59.27867 0.002
59.37659 0.003
59.37901 0.002
59.39917 0.002
59.50743 0.001
59.57518 0.002
59.64784 0.006
59.65771 0.004
59.71930 0.010
59.84229 0.005
59.96813 0.005
