3.97925 100.000
5.24199 53.004
6.46946 26.014
6.69450 57.309
7.96330 10.107
9.38148 7.232
9.69285 1.099
10.49500 8.953
11.09476 4.145
11.35973 1.098
11.95703 5.454
12.89099 0.002
12.92733 2.116
13.23339 3.965
13.33468 0.012
13.41198 0.585
13.44549 0.732
13.72438 6.639
13.78384 1.832
14.26646 0.138
14.45292 0.551
14.84940 1.291
14.86951 2.057
15.12216 0.424
15.20579 0.165
15.54497 0.381
15.65060 0.251
15.77023 8.311
15.81137 1.660
15.96539 0.328
16.05451 0.272
16.07353 0.968
16.13205 0.394
16.21442 0.271
16.29066 0.313
16.40826 0.937
16.56289 1.864
16.63535 0.299
16.75046 3.908
16.99205 2.953
17.18715 0.122
17.25142 0.063
17.43319 0.746
17.45421 0.098
17.50573 0.543
17.89494 4.306
17.94259 0.197
18.02330 0.745
18.08979 1.684
18.18949 0.005
18.49203 2.405
18.82658 0.349
19.10072 4.339
19.13748 0.153
19.22990 0.020
19.37427 0.137
19.37748 3.281
19.45593 1.259
19.53594 0.005
19.99353 0.061
20.03390 0.052
20.07151 0.019
20.17616 1.038
20.26472 0.130
20.49057 0.232
20.49962 0.011
20.50026 0.059
20.86480 0.150
21.07935 1.473
21.08842 1.379
21.10848 0.578
21.24128 0.198
21.31865 1.138
21.41599 0.025
21.44218 0.504
21.46267 8.619
21.57504 0.183
21.60069 1.103
21.81853 0.986
21.85559 11.412
21.95173 1.055
22.10610 0.046
22.16705 0.040
22.29526 0.023
22.83306 0.889
22.88994 0.278
22.91462 0.041
22.96071 0.299
22.96388 0.644
23.31195 0.052
23.44731 0.049
23.47093 0.041
23.58086 0.064
23.62114 0.010
23.72314 0.205
23.92349 0.006
23.97352 0.492
24.04679 0.025
24.20167 0.089
24.40004 0.003
24.43822 0.051
24.44190 0.012
24.58842 0.178
24.67571 0.088
24.68761 0.800
24.75259 0.019
24.81330 0.017
24.87613 0.011
25.11372 0.009
25.42075 0.404
25.89364 0.405
25.93893 1.242
25.94884 0.089
25.98404 0.324
26.01046 0.003
26.01560 0.126
26.02294 0.083
26.08888 0.002
26.12977 0.035
26.23936 0.148
26.26652 0.718
26.40587 0.008
26.43467 0.122
26.47293 0.100
26.54079 0.868
26.56243 0.003
26.59960 0.496
26.64752 0.010
26.79003 0.021
26.79296 0.004
26.80261 0.523
26.85434 0.208
26.88337 0.011
26.88622 0.282
26.91346 0.012
26.92462 0.209
27.01223 0.053
27.06920 0.012
27.10191 0.361
27.12713 0.006
27.14843 1.868
27.19827 0.025
27.20103 0.018
27.23300 0.258
27.37070 0.448
27.57313 1.163
27.63577 0.003
27.65072 0.189
27.69933 0.815
27.77232 0.003
27.92657 0.015
27.95858 0.113
27.98212 0.068
28.01169 0.006
28.06349 0.018
28.27386 0.015
28.33303 0.090
28.39617 0.067
28.58083 0.003
28.61250 0.019
28.61921 0.809
28.67966 0.048
28.68766 0.658
28.70284 0.002
28.76027 0.011
28.79346 0.264
28.82276 0.008
28.86632 0.004
28.96771 0.027
28.97942 0.014
29.10929 0.040
29.12627 0.002
29.14239 2.107
29.23791 0.002
29.29077 0.091
29.29144 0.244
29.36319 0.002
29.36419 0.002
29.42625 0.294
29.44140 0.020
29.49842 0.017
29.55757 0.062
29.56622 0.146
29.65549 0.003
29.66058 0.048
29.70556 0.047
29.73688 0.317
29.73883 0.261
29.78424 0.024
29.84580 0.022
29.86417 0.016
29.95576 0.006
29.99705 0.060
30.07042 0.002
30.13698 0.024
30.14467 0.110
30.18274 0.002
30.18544 0.035
30.39641 0.045
30.44714 0.040
30.45894 0.012
30.50219 0.013
30.51602 2.290
30.52894 0.022
30.55877 0.087
30.65315 0.971
30.68791 0.007
30.73942 0.619
30.97188 0.133
31.00860 0.009
31.22497 0.094
31.32636 0.004
31.38560 0.109
31.43488 0.009
31.47835 0.095
31.48709 0.014
31.52978 0.096
31.60308 0.022
31.68390 0.037
31.73198 0.343
31.80942 0.015
31.84948 0.039
31.87546 0.005
31.90129 0.007
31.92547 0.039
31.93423 0.004
31.96440 0.191
31.97357 0.081
31.97685 0.211
32.03121 0.007
32.06057 0.011
32.06287 0.128
32.07864 0.049
32.13822 0.862
32.18790 0.007
32.19573 0.028
32.20343 0.146
32.25170 0.002
32.25557 0.027
32.30694 0.001
32.33497 3.800
32.37188 0.008
32.41502 0.030
32.43547 0.007
32.46137 0.003
32.47469 0.002
32.50649 0.081
32.52601 0.063
32.59541 0.090
32.76538 0.037
32.77515 0.015
32.81223 0.129
32.88850 0.009
32.90167 0.034
32.91094 0.156
32.91207 0.067
32.92275 0.006
32.98703 0.274
33.02131 0.324
33.07280 0.006
33.16559 0.088
33.19477 0.103
33.19548 0.087
33.19758 0.016
33.20052 0.010
33.22315 0.002
33.32775 0.028
33.35118 0.008
33.44273 0.005
33.44306 0.014
33.48507 0.006
33.57709 0.016
33.63485 0.024
33.66938 0.003
33.71669 0.009
33.75130 0.043
33.86079 0.072
33.87287 0.005
33.94785 0.143
33.97059 0.047
33.97176 0.124
34.23558 0.016
34.26227 0.013
34.30436 0.004
34.37285 0.016
34.43612 0.002
34.53119 0.006
34.54423 0.025
34.60383 0.034
34.62666 0.003
34.63539 0.007
34.68948 0.101
34.75980 0.034
34.78893 0.006
34.91017 0.004
34.92616 0.209
34.95432 0.422
34.96680 0.017
34.99003 0.010
35.05221 0.002
35.13061 0.004
35.28708 0.012
35.35726 0.136
35.37220 0.013
35.38754 0.010
35.41772 0.123
35.43759 0.136
35.51121 0.076
35.56326 0.037
35.57336 0.010
35.57510 0.221
35.59981 0.076
35.60720 0.130
35.72343 0.045
35.73887 0.023
35.74294 0.283
35.74675 0.005
35.76938 0.027
35.80193 0.061
35.82395 0.081
35.89058 0.041
35.89173 0.002
35.90794 0.048
35.95088 0.001
35.95278 0.002
36.03361 0.005
36.03541 0.038
36.05908 0.019
36.15358 0.018
36.24598 0.088
36.29048 0.008
36.34503 0.062
36.34788 0.005
36.41588 0.001
36.51289 0.049
36.59751 0.183
36.61428 0.003
36.62349 0.018
36.65120 0.014
36.66294 0.006
36.66965 0.059
36.68784 0.246
36.70657 0.042
36.77526 0.027
36.78562 0.001
36.78855 0.147
36.78911 0.003
36.81034 0.009
36.82160 0.022
36.85296 0.002
37.01090 0.002
37.06906 0.056
37.10014 0.126
37.18996 0.023
37.25760 0.040
37.32452 0.019
37.33311 0.122
37.33837 0.071
37.41718 0.004
37.48892 0.039
37.50859 0.001
37.57340 0.031
37.62231 0.002
37.66189 0.039
37.68865 0.645
37.68994 0.024
37.71336 0.031
37.72295 0.061
37.84713 0.001
37.99966 0.092
38.04299 0.010
38.06889 0.007
38.13627 0.034
38.13765 0.025
38.13971 0.048
38.16671 0.008
38.24168 0.001
38.26133 0.022
38.32028 0.002
38.32392 0.036
38.37649 0.001
38.51774 0.006
38.53084 0.105
38.70276 0.046
38.75963 0.009
38.76003 0.009
38.77086 0.018
38.83650 0.010
38.90241 0.067
38.91256 0.013
38.91325 0.070
38.98320 0.001
38.98447 0.098
39.02980 0.031
39.11066 0.007
39.15006 0.028
39.15815 0.015
39.19275 0.065
39.22275 0.004
39.26127 0.015
39.27948 0.012
39.28391 0.041
39.33194 0.028
39.33868 0.099
39.34818 0.039
39.36091 0.016
39.38784 0.056
39.44602 0.026
39.47595 0.003
39.47811 0.004
39.50294 0.035
39.51732 0.015
39.57835 0.016
39.58013 0.057
39.63073 0.010
39.64684 0.005
39.64843 0.174
39.67056 0.048
39.67773 0.015
39.69663 0.010
39.70414 0.001
39.73185 0.009
39.76777 0.049
39.77448 0.012
39.79815 0.053
39.81333 0.003
39.81334 0.001
39.83003 0.077
39.83629 0.005
39.84023 0.048
39.90636 0.139
39.91278 0.031
39.91739 0.001
40.02046 0.005
40.02110 0.017
40.16798 0.023
40.18998 0.033
40.24646 0.100
40.27966 0.002
40.28848 0.066
40.30338 0.049
40.31418 0.004
40.33315 0.114
40.41652 0.013
40.43853 0.002
40.44661 0.003
40.48149 0.002
40.51764 0.035
40.60626 0.006
40.63117 0.008
40.71528 0.106
40.71621 0.116
40.71772 0.030
40.75790 0.011
40.76842 0.010
40.79430 0.163
40.80011 0.040
40.81894 0.114
40.88439 0.018
40.88893 0.008
40.90939 0.019
40.91509 0.043
40.94774 0.010
40.98449 0.064
41.00152 0.009
41.01424 0.044
41.06406 0.073
41.07216 0.035
41.12084 0.080
41.18663 0.028
41.18730 0.010
41.19332 0.011
41.20046 0.002
41.26247 0.014
41.32076 0.005
41.39294 0.012
41.39586 0.097
41.42647 0.067
41.42915 0.094
41.48588 0.062
41.55158 1.238
41.58513 0.001
41.59540 0.003
41.63563 0.028
41.64309 0.003
41.67579 0.014
41.68276 0.055
41.68568 0.012
41.69485 0.005
41.69620 0.054
41.76214 0.050
41.77116 0.023
41.88086 0.009
41.91521 0.009
41.95382 0.002
41.95385 0.076
42.01541 0.017
42.02381 0.009
42.05974 0.006
42.10028 0.014
42.11720 0.005
42.12155 0.146
42.14907 0.006
42.19921 0.023
42.20338 0.022
42.21285 0.016
42.29404 0.015
42.34820 0.025
42.46467 0.004
42.46667 0.007
42.47627 0.026
42.47793 0.007
42.51138 0.011
42.55090 0.024
42.56194 0.003
42.56860 0.003
42.59058 0.024
42.59476 0.022
42.70437 0.002
42.75166 0.006
42.80215 0.007
42.81541 0.137
42.84722 0.002
42.90919 0.125
42.91767 0.186
42.93303 0.028
42.93683 0.006
42.96896 0.064
42.97922 0.082
42.99391 0.001
43.00599 0.140
43.04230 0.018
43.07956 0.060
43.12565 0.056
43.13802 0.005
43.20319 0.020
43.25994 0.005
43.27087 0.031
43.27788 0.001
43.28708 0.003
43.28774 0.019
43.36446 0.013
43.37119 0.004
43.37639 0.006
43.40125 0.007
43.42360 0.036
43.47924 0.002
43.52720 0.001
43.53274 0.044
43.55543 0.083
43.60369 0.073
43.60499 0.020
43.61912 0.048
43.62956 0.009
43.63318 0.002
43.63717 0.030
43.65108 0.003
43.66777 0.151
43.68502 0.003
43.72841 0.016
43.74360 0.023
43.81548 0.001
43.83729 0.004
43.84147 0.105
43.90800 0.100
43.94168 0.205
43.94773 0.254
43.96610 0.622
43.96639 0.057
43.98748 0.376
43.99209 0.006
44.02074 0.016
44.06338 0.056
44.11386 0.006
44.12867 0.022
44.13222 0.027
44.13768 0.125
44.19217 0.238
44.26297 0.004
44.26939 0.004
44.27161 0.015
44.36170 0.001
44.39521 0.005
44.39955 0.193
44.41407 0.003
44.42326 0.006
44.42784 0.079
44.48219 0.100
44.48265 0.017
44.50456 0.011
44.51329 0.001
44.56690 0.003
44.58854 0.003
44.60229 0.004
44.63304 0.005
44.67065 0.116
44.67917 0.016
44.68068 0.018
44.74301 0.004
44.76229 0.047
44.76538 0.001
44.83779 0.017
44.84985 0.004
44.90329 0.013
44.93956 0.008
44.97795 0.004
44.99069 0.002
45.04160 0.017
45.11549 0.103
45.15157 0.030
45.17184 0.037
45.27883 0.012
45.32805 0.014
45.35493 0.070
45.36616 0.068
45.40335 0.003
45.44120 0.002
45.45605 0.027
45.46851 0.065
45.47074 0.014
45.49171 0.139
45.49558 0.011
45.55497 0.631
45.55646 0.066
45.59791 0.002
45.59796 0.050
45.61909 0.023
45.64331 0.077
45.66711 0.015
45.66749 0.047
45.68400 0.034
45.69169 0.058
45.72420 0.005
45.80242 0.025
45.85134 0.026
45.85275 0.022
45.88280 0.007
45.91255 0.013
46.01614 0.015
46.09822 0.002
46.11604 0.006
46.19881 0.006
46.20195 0.093
46.20342 0.267
46.23474 0.035
46.30780 0.007
46.31305 0.020
46.34818 0.003
46.36656 0.056
46.36724 0.020
46.42019 0.022
46.44686 0.011
46.45885 0.003
46.47841 0.033
46.49560 0.077
46.49812 0.001
46.50066 0.003
46.53030 0.022
46.53090 0.096
46.56054 0.042
46.56474 0.015
46.60238 0.287
46.63703 0.007
46.63706 0.007
46.64054 0.005
46.64177 0.008
46.76323 0.023
46.77148 0.008
46.81594 0.002
46.82986 0.016
46.88607 0.003
46.89894 0.019
46.91440 0.083
46.91916 0.003
46.92715 0.002
46.94505 0.022
46.96418 0.003
46.96845 0.016
47.07281 0.045
47.19202 0.022
47.24057 0.019
47.25902 0.002
47.26417 0.089
47.30387 0.004
47.30566 0.040
47.33232 0.002
47.41190 0.006
47.48294 0.087
47.48659 0.001
47.49563 0.002
47.54709 0.002
47.57687 0.012
47.58971 0.002
47.60612 0.005
47.71079 0.066
47.71793 0.006
47.76941 0.010
47.80865 0.012
47.82847 0.112
47.87241 0.002
47.89647 0.001
47.95149 0.023
47.95567 0.004
48.00629 0.013
48.07689 0.037
48.09857 0.082
48.14258 0.022
48.16961 0.018
48.21615 0.001
48.24201 0.021
48.24778 0.071
48.25312 0.051
48.25739 0.003
48.26987 0.104
48.29084 0.017
48.32843 0.009
48.38906 0.004
48.39311 0.071
48.42816 0.052
48.43525 0.010
48.43882 0.033
48.44473 0.003
48.45331 0.004
48.46633 0.005
48.48749 0.031
48.52403 0.073
48.54735 0.043
48.57640 0.005
48.60390 0.024
48.60592 0.002
48.60595 0.113
48.61214 0.012
48.63505 0.014
48.63534 0.064
48.63891 0.073
48.74010 0.031
48.75852 0.008
48.77201 0.097
48.78931 0.006
48.82535 0.009
48.83825 0.007
48.83880 0.018
48.85065 0.004
48.85238 0.005
48.90515 0.006
48.91807 0.001
48.94393 0.040
48.94681 0.006
48.95647 0.004
48.97290 0.006
49.03159 0.001
49.03710 0.004
49.04376 0.005
49.05885 0.002
49.08323 0.085
49.08540 0.022
49.12552 0.004
49.13021 0.048
49.20249 0.006
49.20267 0.017
49.20617 0.016
49.20705 0.050
49.24302 0.001
49.25199 0.007
49.25845 0.021
49.35495 0.002
49.36128 0.006
49.38582 0.110
49.47115 0.006
49.51570 0.004
49.53442 0.004
49.57646 0.027
49.59663 0.002
49.64369 0.003
49.65110 0.039
49.66524 0.002
49.73293 0.054
49.76167 0.002
49.85317 0.009
49.87679 0.009
49.90625 0.004
49.92820 0.003
49.97136 0.006
50.00404 0.001
50.03155 0.078
50.03214 0.004
50.03848 0.054
50.04234 0.018
50.05807 0.003
50.08641 0.064
50.09434 0.003
50.18741 0.030
50.21893 0.005
50.25017 0.003
50.26542 0.002
50.38006 0.002
50.38267 0.017
50.38450 0.010
50.42726 0.008
50.42752 0.012
50.45397 0.006
50.48457 0.012
50.51670 0.005
50.53958 0.006
50.54359 0.022
50.54576 0.017
50.55852 0.016
50.57808 0.252
50.59552 0.001
50.59726 0.003
50.59923 0.050
50.62494 0.034
50.69784 0.001
50.85394 0.219
50.87897 0.091
50.95241 0.075
50.95783 0.002
51.03265 0.041
51.06601 0.036
51.08450 0.160
51.09044 0.010
51.17430 0.042
51.18468 0.004
51.19244 0.033
51.26687 0.021
51.28067 0.018
51.33701 0.002
51.36031 0.019
51.36500 0.015
51.39190 0.004
51.39881 0.003
51.42540 0.010
51.43665 0.033
51.44137 0.007
51.51530 0.030
51.52151 0.005
51.54728 0.030
51.55777 0.043
51.58939 0.004
51.60195 0.030
51.60343 0.031
51.65411 0.004
51.82091 0.010
51.83749 0.002
51.86131 0.004
51.88842 0.002
51.91607 0.012
51.95021 0.035
51.96646 0.057
52.00195 0.001
52.03888 0.003
52.05861 0.006
52.08018 0.001
52.09462 0.006
52.12228 0.008
52.12980 0.003
52.15526 0.024
52.17441 0.025
52.19214 0.041
52.21359 0.013
52.27712 0.027
52.30459 0.005
52.31656 0.066
52.33017 0.001
52.33129 0.013
52.35524 0.041
52.36105 0.013
52.36506 0.001
52.40145 0.031
52.41387 0.013
52.43704 0.024
52.46269 0.013
52.48053 0.021
52.49715 0.002
52.50349 0.021
52.61934 0.005
52.63256 0.001
52.66984 0.007
52.68607 0.001
52.70248 0.004
52.70939 0.016
52.72922 0.005
52.76369 0.002
52.76466 0.002
52.85569 0.017
52.86680 0.050
52.86814 0.059
52.92831 0.014
52.95689 0.001
52.96496 0.028
52.98543 0.011
53.01006 0.010
53.01152 0.001
53.12535 0.005
53.14691 0.002
53.18697 0.003
53.20999 0.006
53.21532 0.088
53.21825 0.007
53.23680 0.016
53.24282 0.003
53.26592 0.017
53.27118 0.011
53.27326 0.011
53.32930 0.036
53.34158 0.003
53.36320 0.049
53.42029 0.001
53.42171 0.020
53.44526 0.006
53.46987 0.022
53.49763 0.005
53.49863 0.016
53.50884 0.083
53.53311 0.056
53.56606 0.002
53.63335 0.087
53.66882 0.015
53.67812 0.009
53.70297 0.003
53.74634 0.010
53.74874 0.002
53.75337 0.001
53.75810 0.006
53.77953 0.046
53.78368 0.005
53.81281 0.004
53.85931 0.022
53.88420 0.012
53.88452 0.012
53.89486 0.003
53.92238 0.007
53.93223 0.002
53.99758 0.015
54.01029 0.007
54.01093 0.005
54.03476 0.015
54.04470 0.015
54.05597 0.025
54.08371 0.003
54.15354 0.006
54.15373 0.006
54.15915 0.016
54.18965 0.002
54.19204 0.001
54.20043 0.001
54.24201 0.006
54.27470 0.013
54.28800 0.007
54.30503 0.021
54.32534 0.006
54.32657 0.002
54.36181 0.004
54.38582 0.009
54.38678 0.014
54.40410 0.004
54.42224 0.033
54.42356 0.006
54.42485 0.004
54.42931 0.027
54.43807 0.001
54.47051 0.005
54.51289 0.001
54.52577 0.002
54.56809 0.111
54.62374 0.003
54.65728 0.027
54.65882 0.007
54.68397 0.002
54.70471 0.004
54.73760 0.017
54.75062 0.015
54.75258 0.020
54.78618 0.002
54.79901 0.002
54.81557 0.001
54.83059 0.016
54.83204 0.016
54.84070 0.005
54.85755 0.014
54.89124 0.001
54.92015 0.038
54.92969 0.002
54.93261 0.011
54.96562 0.045
54.97766 0.004
54.98250 0.025
55.01188 0.015
55.01777 0.001
55.01781 0.024
55.06365 0.009
55.06872 0.012
55.09900 0.023
55.10036 0.008
55.12267 0.022
55.14744 0.188
55.15004 0.008
55.18401 0.014
55.20394 0.002
55.21038 0.020
55.24968 0.003
55.26722 0.017
55.30828 0.025
55.32021 0.004
55.33931 0.003
55.34516 0.005
55.39300 0.002
55.39883 0.008
55.40894 0.004
55.41521 0.009
55.44512 0.002
55.47076 0.001
55.47506 0.006
55.48391 0.002
55.48402 0.002
55.51038 0.126
55.59349 0.035
55.60424 0.007
55.61500 0.012
55.61714 0.003
55.62512 0.038
55.62592 0.001
55.65526 0.008
55.68643 0.003
55.69221 0.006
55.72695 0.005
55.78560 0.008
55.81400 0.012
55.81753 0.005
55.81956 0.017
55.84280 0.017
55.86727 0.007
55.94503 0.004
55.98273 0.020
55.99193 0.049
56.00566 0.007
56.05639 0.001
56.10777 0.109
56.14720 0.034
56.14855 0.003
56.15865 0.002
56.16081 0.060
56.17820 0.011
56.19793 0.012
56.24467 0.019
56.25227 0.003
56.26936 0.073
56.27737 0.020
56.27966 0.006
56.28399 0.019
56.29123 0.045
56.37578 0.003
56.39116 0.008
56.39688 0.002
56.40143 0.002
56.40490 0.025
56.40837 0.015
56.45476 0.011
56.49299 0.006
56.51354 0.010
56.54748 0.006
56.57431 0.004
56.60591 0.006
56.70194 0.004
56.70963 0.006
56.71838 0.022
56.73661 0.004
56.81869 0.004
56.82503 0.005
56.83348 0.003
56.83776 0.016
56.85355 0.003
56.86418 0.002
56.86821 0.014
56.87367 0.001
56.89579 0.005
56.91018 0.002
56.92194 0.059
56.92864 0.012
56.97816 0.002
57.05816 0.021
57.06193 0.001
57.06708 0.016
57.12011 0.005
57.12075 0.005
57.20762 0.002
57.22890 0.001
57.23528 0.005
57.28468 0.003
57.31935 0.007
57.36913 0.007
57.46446 0.007
57.47225 0.003
57.49508 0.004
57.51040 0.012
57.51568 0.005
57.56570 0.005
57.60683 0.006
57.64034 0.003
57.65018 0.004
57.67044 0.002
57.71040 0.001
57.77364 0.003
57.80809 0.007
57.81992 0.014
57.83889 0.008
57.89326 0.019
57.89900 0.023
57.89941 0.002
57.89978 0.007
57.90839 0.008
57.93391 0.028
57.93733 0.022
57.95093 0.002
57.96112 0.013
58.01165 0.012
58.01271 0.005
58.01432 0.001
58.09583 0.035
58.12323 0.056
58.14958 0.007
58.16194 0.002
58.16377 0.006
58.18780 0.007
58.21177 0.023
58.21232 0.003
58.22017 0.003
58.23180 0.051
58.23326 0.005
58.24776 0.012
58.27917 0.004
58.29249 0.002
58.31905 0.021
58.34501 0.002
58.38522 0.030
58.43075 0.024
58.44974 0.001
58.45598 0.001
58.46705 0.004
58.49009 0.002
58.50298 0.057
58.51985 0.002
58.55328 0.003
58.55945 0.007
58.59564 0.001
58.61040 0.018
58.61302 0.013
58.61826 0.009
58.65706 0.002
58.68589 0.006
58.69157 0.029
58.71922 0.006
58.73876 0.004
58.74419 0.021
58.76852 0.033
58.80839 0.023
58.86429 0.003
58.88585 0.149
58.88639 0.003
58.91481 0.022
58.91782 0.002
58.97485 0.005
59.04041 0.050
59.04434 0.004
59.05959 0.009
59.06649 0.035
59.07196 0.001
59.07270 0.003
59.11704 0.004
59.14067 0.027
59.25667 0.002
59.25693 0.031
59.26306 0.002
59.27211 0.003
59.30338 0.013
59.31976 0.020
59.34604 0.021
59.36251 0.005
59.37027 0.012
59.38502 0.008
59.39540 0.002
59.40287 0.001
59.43008 0.002
59.51025 0.004
59.51579 0.004
59.52926 0.015
59.53920 0.002
59.55179 0.003
59.60152 0.019
59.63210 0.011
59.64852 0.020
59.70161 0.003
59.70221 0.009
59.74608 0.003
59.74762 0.007
59.78868 0.041
59.82074 0.001
59.82401 0.009
59.82705 0.002
59.83566 0.023
59.85993 0.005
59.86758 0.008
59.91309 0.079
59.94034 0.007
59.96426 0.006
59.99224 0.012
