3.62851 100.000
3.70729 45.184
5.18705 20.737
5.18970 1.241
7.26066 33.412
7.41846 65.894
8.15295 5.585
8.15632 1.571
8.25887 0.027
8.26221 0.135
10.38477 2.448
10.90014 13.500
11.13745 12.352
11.51516 4.242
11.51876 0.016
11.71540 2.205
11.71894 0.017
13.19460 0.269
13.20090 0.186
13.31079 1.419
14.44721 3.272
14.55068 0.507
14.86825 1.356
14.88798 15.306
14.89307 10.961
14.91325 10.996
14.94730 20.501
15.01865 2.835
15.02234 1.626
15.30765 0.018
15.31128 0.008
15.32175 0.082
15.34542 0.830
15.37360 0.200
15.39900 1.561
15.60402 0.048
15.61204 0.216
16.16317 7.727
16.20871 1.572
16.20980 3.103
16.30846 8.153
16.34753 0.086
16.35434 0.007
16.56104 0.083
16.56480 0.004
16.56776 0.008
16.60470 0.656
16.60866 2.643
16.61203 0.001
16.62575 0.050
16.70048 0.001
16.72474 0.397
17.76090 0.244
17.80033 0.006
17.89458 1.547
18.10173 0.722
18.16438 0.451
18.21136 6.313
18.21614 0.084
18.34492 0.491
18.35612 0.487
18.36524 0.065
18.46283 0.575
18.46781 0.053
18.47688 0.027
18.50460 1.286
18.52204 1.737
18.56629 0.534
18.56820 0.413
18.59399 0.272
18.59774 0.085
18.61497 1.377
18.69516 0.665
18.71767 0.010
18.96966 0.373
18.97334 0.089
19.54704 0.011
19.60095 0.179
19.61110 0.200
19.62606 0.951
19.64552 1.533
19.68829 0.045
19.68912 0.038
19.69623 0.001
19.73127 0.032
19.77399 0.058
20.00087 0.122
20.00788 0.050
20.52315 5.313
20.59718 0.610
20.70977 2.485
20.84420 0.051
20.85608 0.020
20.86684 0.087
20.86713 1.549
20.88071 0.030
20.91445 0.003
20.95621 0.027
21.02444 0.031
21.03988 1.260
21.17692 0.122
21.19755 0.004
21.24813 0.522
21.29593 0.066
21.35750 0.002
21.39589 0.079
21.40573 0.036
21.41688 0.118
21.61584 0.101
21.62560 0.023
21.81521 0.021
21.87993 0.762
21.88510 0.554
21.95743 0.045
21.95987 0.005
21.98705 0.056
22.10123 0.027
22.14084 0.057
22.21783 0.555
22.38188 0.027
22.67976 0.305
22.68348 0.050
23.14870 0.018
23.15601 0.117
23.28563 0.473
23.35913 0.089
23.36770 0.023
23.41738 0.019
23.48033 0.084
23.52976 0.002
23.55555 0.061
23.55567 0.235
23.56275 0.118
23.57113 0.025
23.57140 0.192
23.58833 0.008
23.60303 2.471
23.62728 0.136
23.64928 0.036
23.68704 0.009
23.70142 0.018
23.71333 0.001
23.72975 0.009
23.83488 0.177
23.84799 0.058
24.00411 0.046
24.02303 0.043
24.43959 0.139
24.50123 0.010
24.51225 0.002
24.58523 0.042
24.62735 0.171
24.63770 0.004
24.66734 0.103
24.69274 0.365
24.82839 0.012
24.86503 0.004
24.95189 0.008
24.96211 0.005
25.37759 0.009
25.42926 0.044
25.49870 0.010
25.60793 0.040
25.83584 0.007
25.88203 0.300
25.90208 0.013
25.92357 0.156
26.00324 0.015
26.00601 0.010
26.03949 0.023
26.15285 0.187
26.15387 0.006
26.16644 0.020
26.20621 0.011
26.29161 0.050
26.43079 0.030
26.43456 0.091
26.54701 0.068
26.56833 0.004
26.57502 0.450
26.58118 0.049
26.63093 0.013
26.64842 0.650
26.66526 0.038
26.69232 0.040
26.69979 0.061
26.79280 0.056
26.80556 0.123
26.83461 0.014
26.89778 0.065
26.90897 0.308
27.09665 0.018
27.19285 0.059
27.38171 0.071
27.40577 0.004
27.47261 0.005
27.64428 0.036
27.66609 0.284
27.68570 0.005
27.77516 0.021
27.79540 0.057
27.81814 0.002
27.82063 0.475
27.85213 0.004
27.87526 0.007
27.91437 0.014
27.98007 0.325
27.99565 0.056
28.00637 0.007
28.42212 0.026
28.43269 0.056
28.59248 0.065
28.66487 0.005
28.76104 0.006
28.88379 0.023
28.88621 0.116
28.90109 0.005
29.00077 0.006
29.01559 0.003
29.06563 0.035
29.13067 3.893
29.34284 0.012
29.34755 0.423
29.35249 1.198
29.37900 0.073
29.40448 1.373
29.47765 0.071
29.56813 0.738
29.56998 0.002
29.58465 0.011
29.58853 0.022
29.59398 0.229
29.62419 0.109
29.65096 0.032
29.70800 0.004
29.73258 0.049
29.73278 0.189
29.74610 0.022
29.82777 0.003
29.91254 0.009
29.92334 0.031
29.96566 0.281
29.99446 0.007
30.03497 1.081
30.04028 0.027
30.04542 2.553
30.06621 0.002
30.07960 0.042
30.08687 0.132
30.11870 0.027
30.14799 0.005
30.15678 0.515
30.15759 0.072
30.22152 0.007
30.22533 0.014
30.24642 0.432
30.26161 0.360
30.28645 0.017
30.29704 0.030
30.30086 0.207
30.30333 0.004
30.33872 0.025
30.35321 0.018
30.35330 0.197
30.35490 0.020
30.37131 0.035
30.38655 0.059
30.39796 0.641
30.41380 0.016
30.46231 0.040
30.47190 0.002
30.49695 0.010
30.55853 0.157
30.62541 0.010
30.68768 0.160
30.82245 0.052
30.84127 0.030
30.89735 0.002
30.92634 0.116
30.97503 0.015
31.03299 0.110
31.03790 0.008
31.08524 0.043
31.15063 0.799
31.19500 0.046
31.22594 0.273
31.35551 0.033
31.35637 0.520
31.40427 0.323
31.40775 0.002
31.42783 0.711
31.42899 0.054
31.46931 0.001
31.48032 0.072
31.48388 0.010
31.50717 0.003
31.52367 0.001
31.56331 0.110
31.56619 0.001
31.58950 0.002
31.63653 0.392
31.64341 0.014
31.83931 0.012
31.85520 0.003
31.92098 0.006
31.94834 0.022
31.99632 0.012
32.00717 0.062
32.04785 0.126
32.06786 0.015
32.08365 0.016
32.08519 0.007
32.09411 0.029
32.09589 0.001
32.11691 0.003
32.14203 0.072
32.19288 0.228
32.25414 0.449
32.35132 0.011
32.41072 0.044
32.44782 0.057
32.46817 0.007
32.59029 0.004
32.65962 0.003
32.66390 0.048
32.75361 0.462
32.75585 0.006
32.80336 0.046
32.85629 0.212
32.89922 0.005
32.90596 0.362
32.95423 0.056
32.95950 0.030
32.97636 0.003
33.00331 0.002
33.01296 0.170
33.03506 0.377
33.04018 0.040
33.10310 0.057
33.10477 0.004
33.12347 0.014
33.15726 0.002
33.17049 0.017
33.18277 0.143
33.19439 0.002
33.25225 0.057
33.32723 0.344
33.33973 0.131
33.40626 0.031
33.48125 0.037
33.48902 0.006
33.49514 0.033
33.54243 0.017
33.55228 0.065
33.57124 0.082
33.57148 0.024
33.57968 0.004
33.58664 0.216
33.61501 0.465
33.63034 0.036
33.65655 0.002
33.68398 0.058
33.69999 0.026
33.74215 0.002
33.75730 0.014
33.76950 0.065
33.80048 0.068
33.81969 0.149
33.84991 0.004
33.97397 0.007
33.98169 0.027
34.05363 0.005
34.17478 0.052
34.25639 0.043
34.27426 0.014
34.35010 0.012
34.37261 0.016
34.37992 0.002
34.39042 0.021
34.51651 0.297
34.53663 0.033
34.58566 0.019
34.62318 0.003
34.63104 0.004
34.64925 0.021
34.67269 0.373
34.67907 0.006
34.70407 0.014
34.71280 0.002
34.72721 0.003
34.75099 0.031
34.77540 0.023
34.77621 0.074
34.77692 0.010
34.78049 0.140
34.79393 0.002
34.81597 0.013
34.85026 0.010
34.85892 0.002
34.86376 0.091
34.86694 0.002
34.88440 0.072
34.91738 0.006
34.94215 0.064
34.96805 0.004
34.98476 0.026
35.03826 0.029
35.10285 0.109
35.10520 0.011
35.12988 0.005
35.14512 0.097
35.16422 0.052
35.18809 0.090
35.23545 0.018
35.23861 0.004
35.27723 0.002
35.30778 0.088
35.30954 0.003
35.32611 0.032
35.39004 0.006
35.39139 0.045
35.40017 0.281
35.45190 0.016
35.46057 0.006
35.49258 0.008
35.51634 0.011
35.65769 0.002
35.66878 0.064
35.68782 0.005
35.73647 0.008
36.04935 0.009
36.15016 0.005
36.15068 0.033
36.22524 0.008
36.23176 0.126
36.24340 0.012
36.24522 0.002
36.30958 0.008
36.33259 0.022
36.41314 0.006
36.42040 0.001
36.43577 0.111
36.44477 0.010
36.45565 0.030
36.46520 0.010
36.47971 0.002
36.47999 0.156
36.55760 0.003
36.56397 0.005
36.67605 0.274
36.70759 0.037
36.72020 0.060
36.76388 0.146
36.80643 0.018
36.87237 0.079
36.89838 0.073
36.90422 0.114
36.91417 0.002
36.93308 0.006
37.01284 0.040
37.02716 0.107
37.02733 0.021
37.03048 0.001
37.05976 0.055
37.06652 0.007
37.06696 0.008
37.08129 0.021
37.08549 0.006
37.10466 0.015
37.11532 0.041
37.11721 0.039
37.18236 0.005
37.20568 0.033
37.22470 0.008
37.26368 0.002
37.32217 0.025
37.38389 0.030
37.38526 0.009
37.41326 0.006
37.42804 0.007
37.43843 0.005
37.47667 0.010
37.55147 0.001
37.63847 0.007
37.64374 0.013
37.64772 0.067
37.68158 0.114
37.74526 0.007
37.78049 0.047
37.82111 0.116
37.85080 0.008
37.85667 0.002
37.93055 0.006
37.93157 0.010
37.93444 0.003
37.95952 0.008
37.96379 0.003
37.97024 0.018
38.00051 0.006
38.00208 0.037
38.02944 0.004
38.05601 0.064
38.12929 0.015
38.16483 0.010
38.23208 0.018
38.24200 0.012
38.25941 0.016
38.26910 0.011
38.39680 0.005
38.48570 0.003
38.49340 0.012
38.51009 0.100
38.55170 0.020
38.56501 0.003
38.62061 0.018
38.64209 0.004
38.66929 0.011
38.68079 0.123
38.69567 0.001
38.71291 0.002
38.74256 0.002
38.78404 0.154
38.82612 0.011
38.89515 0.052
39.09708 0.052
39.26608 0.028
39.30754 0.161
39.39272 0.027
39.39751 0.026
39.40481 0.293
39.40883 0.133
39.41034 0.034
39.41451 0.012
39.48560 0.049
39.51595 0.002
39.59428 0.047
39.60283 0.036
39.69382 0.002
39.71046 0.276
39.71175 0.003
39.71405 0.008
39.73146 0.017
39.75725 0.009
39.78230 0.004
39.80680 0.002
39.81001 0.014
39.82076 0.058
39.84788 0.021
39.84958 0.004
39.85943 0.015
39.88377 0.008
39.89154 0.001
39.89242 0.023
39.94718 0.002
39.97831 0.004
39.98070 0.011
39.98991 0.002
39.99164 0.012
40.00318 0.012
40.00655 0.033
40.03930 0.044
40.05701 0.004
40.08004 0.014
40.08187 0.375
40.08309 0.001
40.13120 0.347
40.14065 0.109
40.16965 0.177
40.22632 0.005
40.22961 0.036
40.26888 0.023
40.32344 0.103
40.34343 0.018
40.40284 0.006
40.45911 0.017
40.50612 0.007
40.50822 0.043
40.54382 0.008
40.60082 0.010
40.64591 0.002
40.65107 0.006
40.66062 0.001
40.67265 0.002
40.67948 0.099
40.68578 0.040
40.76108 0.126
40.83831 0.003
40.84935 0.001
40.88957 0.001
40.90316 0.003
40.94237 0.012
40.94639 0.058
40.98031 0.002
40.98494 0.001
40.99971 0.001
41.03208 0.006
41.07239 0.006
41.08961 0.001
41.19491 0.055
41.20219 0.005
41.33453 0.022
41.33658 0.013
41.40647 0.003
41.41389 0.017
41.43832 0.002
41.44163 0.059
41.46632 0.036
41.48628 0.003
41.49424 0.069
41.49444 0.002
41.53467 0.057
41.57522 0.004
41.64075 0.003
41.64900 0.013
41.65877 0.007
41.66297 0.026
41.74441 0.112
41.75751 0.116
41.85687 0.152
41.86082 0.284
41.90036 0.001
41.90470 0.005
41.94363 0.010
41.96845 0.002
42.06354 0.066
42.08191 0.028
42.10184 0.004
42.12522 0.055
42.13766 0.037
42.18322 0.003
42.20647 0.010
42.25062 0.003
42.30034 0.022
42.36874 0.053
42.37637 0.002
42.37656 0.247
42.38139 0.001
42.39312 0.313
42.43358 0.001
42.44626 0.042
42.46358 0.022
42.46897 0.006
42.46958 0.029
42.49824 0.085
42.50133 0.029
42.53036 0.018
42.55046 0.083
42.56946 0.015
42.59806 0.004
42.62821 0.001
42.65043 0.002
42.65761 0.010
42.65868 0.012
42.67430 0.017
42.71513 0.008
42.72692 0.005
42.80168 0.002
42.83429 0.009
42.83672 0.022
42.96271 0.036
43.02952 0.199
43.06656 0.061
43.17107 0.054
43.22374 0.021
43.24710 0.020
43.27812 0.002
43.28353 0.007
43.31612 0.005
43.37553 0.012
43.39721 0.005
43.41118 0.006
43.43657 0.005
43.44231 0.009
43.48830 0.062
43.50578 0.004
43.51512 0.034
43.57715 0.158
43.58702 0.125
43.59358 0.002
43.60787 0.016
43.62548 0.040
43.63146 0.007
43.63226 0.005
43.67695 0.048
43.68042 0.002
43.69243 0.010
43.70098 0.098
43.72893 0.021
43.87251 0.001
44.01123 0.077
44.05286 0.002
44.06822 0.007
44.07353 0.004
44.08834 0.015
44.12089 0.027
44.21969 0.068
44.23105 0.065
44.23259 0.127
44.29565 0.003
44.30255 0.026
44.32389 0.081
44.37209 0.008
44.38716 0.008
44.39424 0.003
44.39976 0.001
44.41265 0.164
44.45234 0.081
44.46534 0.006
44.47412 0.126
44.50195 0.069
44.52510 0.005
44.58932 0.038
44.60960 0.011
44.61536 0.023
44.62261 0.038
44.62391 0.003
44.65660 0.011
44.67463 0.007
44.70269 0.022
44.73255 0.002
44.74154 0.078
44.76170 0.010
44.77747 0.009
44.77814 0.105
44.78265 0.003
44.82489 0.038
44.82897 0.010
44.84038 0.007
44.88190 0.122
44.91364 0.006
44.93539 0.211
44.94687 0.032
44.95003 0.019
44.97222 0.002
44.98348 0.027
45.00520 0.053
45.02407 0.072
45.02535 0.024
45.06534 0.174
45.07306 0.093
45.09026 0.016
45.09170 0.073
45.09569 0.005
45.09580 0.004
45.10841 0.167
45.11749 0.050
45.12265 0.003
45.14462 0.024
45.14870 0.010
45.15116 0.033
45.16714 0.003
45.16975 0.459
45.19496 0.003
45.20337 0.002
45.20436 0.002
45.21329 0.117
45.22742 0.011
45.23212 0.003
45.24143 0.005
45.24269 0.028
45.25610 0.025
45.26341 0.032
45.30467 0.003
45.31133 0.021
45.33894 0.073
45.38389 0.110
45.39061 0.004
45.41475 0.002
45.45401 0.014
45.47506 0.014
45.48418 0.003
45.51626 0.202
45.56639 0.009
45.56694 0.011
45.57736 0.005
45.57937 0.035
45.59857 0.001
45.62018 0.012
45.62347 0.003
45.65118 0.001
45.67993 0.054
45.68280 0.024
45.68734 0.445
45.70354 0.008
45.73349 0.049
45.73862 0.130
45.74364 0.003
45.76006 0.003
45.76468 0.057
45.80159 0.008
45.82524 0.019
45.82960 0.009
45.84226 0.008
45.84796 0.015
45.88212 0.064
45.89060 0.032
45.90709 0.001
45.92875 0.304
45.93521 0.007
45.93944 0.030
45.97738 0.014
46.02179 0.045
46.08080 0.011
46.08941 0.002
46.10377 0.131
46.10887 0.149
46.14228 0.036
46.15796 0.040
46.15902 0.003
46.15984 0.092
46.16580 0.002
46.16662 0.030
46.16832 0.001
46.18830 0.010
46.21909 0.003
46.28023 0.162
46.31465 0.050
46.31522 0.062
46.32260 0.003
46.37196 0.043
46.42383 0.197
46.43141 0.039
46.49272 0.016
46.49763 0.021
46.51452 0.004
46.53157 0.007
46.53755 0.046
46.54334 0.006
46.54891 0.026
46.59902 0.056
46.74340 0.002
46.79784 0.016
46.81904 0.009
46.84237 0.018
46.89150 0.003
46.89170 0.001
46.94920 0.010
46.97852 0.016
46.99377 0.001
47.00244 0.004
47.03448 0.001
47.03596 0.179
47.04371 0.012
47.06129 0.029
47.08381 0.013
47.10168 0.072
47.11345 0.175
47.12058 0.102
47.12583 0.034
47.14229 0.016
47.14740 0.017
47.18956 0.007
47.22421 0.041
47.23216 0.011
47.26320 0.038
47.28167 0.008
47.29105 0.027
47.29676 0.009
47.31565 0.004
47.31628 0.001
47.38383 0.032
47.39810 0.031
47.40671 0.033
47.44078 0.013
47.49247 0.011
47.50053 0.002
47.54275 0.001
47.54399 0.009
47.55182 0.026
47.58398 0.001
47.64196 0.004
47.64270 0.008
47.65204 0.001
47.66003 0.011
47.66915 0.014
47.72492 0.004
47.75421 0.123
47.76185 0.010
47.76650 0.019
47.77204 0.107
47.77989 0.006
47.78320 0.005
47.78508 0.006
47.78868 0.023
47.82680 0.009
47.85935 0.047
47.89152 0.036
47.89896 0.003
47.91187 0.009
47.92176 0.001
47.92612 0.135
47.92634 0.002
47.93692 0.002
47.96717 0.003
47.97714 0.012
47.99351 0.048
48.01934 0.002
48.09061 0.003
48.13242 0.016
48.18773 0.002
48.18797 0.100
48.19092 0.004
48.19738 0.095
48.19996 0.004
48.20316 0.004
48.20482 0.038
48.22113 0.005
48.22201 0.069
48.22329 0.004
48.23044 0.056
48.25430 0.003
48.25559 0.003
48.27304 0.001
48.28957 0.001
48.32426 0.172
48.32880 0.022
48.33479 0.030
48.34161 0.006
48.34899 0.003
48.36378 0.086
48.38547 0.009
48.38646 0.072
48.41821 0.040
48.42048 0.009
48.46562 0.022
48.46986 0.006
48.49007 0.002
48.49250 0.003
48.50072 0.064
48.51989 0.010
48.55001 0.001
48.55656 0.201
48.55822 0.004
48.55907 0.005
48.56156 0.016
48.60343 0.007
48.60406 0.014
48.62638 0.005
48.65155 0.007
48.65811 0.004
48.66777 0.008
48.68367 0.007
48.70435 0.003
48.71880 0.012
48.74322 0.006
48.76487 0.004
48.76549 0.005
48.76652 0.005
48.76776 0.011
48.77075 0.005
48.78460 0.014
48.78736 0.028
48.79786 0.002
48.81554 0.002
48.81625 0.025
48.87327 0.009
48.89816 0.027
48.91218 0.001
48.92429 0.003
48.94249 0.002
48.96182 0.006
48.96746 0.051
49.00317 0.035
49.03366 0.004
49.05667 0.016
49.07562 0.004
49.10003 0.036
49.10457 0.002
49.15120 0.001
49.19189 0.002
49.23939 0.006
49.24098 0.033
49.27997 0.006
49.28580 0.009
49.33009 0.028
49.40347 0.115
49.40857 0.021
49.41623 0.003
49.41964 0.039
49.43054 0.013
49.52641 0.012
49.53449 0.005
49.53942 0.020
49.55413 0.010
49.55819 0.009
49.57708 0.007
49.58121 0.002
49.62517 0.024
49.63389 0.005
49.66207 0.021
49.72011 0.002
49.72978 0.002
49.73296 0.003
49.74147 0.006
49.74913 0.007
49.86811 0.017
49.87381 0.002
49.89013 0.058
49.89606 0.004
49.92732 0.011
49.93973 0.012
49.95641 0.038
50.00841 0.024
50.02418 0.003
50.03936 0.043
50.04808 0.003
50.05916 0.080
50.07310 0.025
50.17096 0.007
50.17729 0.043
50.18433 0.009
50.20080 0.003
50.22238 0.003
50.22736 0.004
50.24617 0.009
50.32013 0.007
50.33646 0.010
50.34430 0.009
50.36165 0.003
50.36648 0.003
50.46191 0.001
50.46434 0.031
50.47933 0.063
50.48314 0.026
50.49474 0.046
50.49950 0.014
50.51709 0.017
50.52902 0.009
50.54484 0.015
50.55312 0.002
50.56674 0.002
50.58114 0.006
50.60928 0.018
50.60973 0.002
50.61280 0.004
50.63602 0.001
50.65952 0.026
50.66639 0.048
50.67285 0.002
50.69341 0.012
50.71291 0.001
50.72176 0.003
50.76836 0.022
50.78729 0.042
50.78750 0.010
50.82041 0.017
50.91707 0.002
50.92579 0.002
50.93336 0.007
50.95674 0.019
50.95836 0.006
50.97181 0.011
50.98745 0.004
50.99051 0.005
51.00863 0.019
51.03412 0.001
51.06325 0.004
51.08052 0.016
51.08667 0.001
51.10636 0.017
51.10882 0.004
51.12732 0.028
51.14561 0.039
51.17726 0.011
51.19665 0.004
51.20903 0.005
51.24587 0.081
51.34039 0.004
51.34751 0.007
51.35345 0.009
51.36455 0.007
51.37142 0.064
51.40975 0.003
51.41343 0.001
51.43614 0.003
51.44039 0.007
51.44898 0.002
51.46533 0.002
51.46583 0.002
51.51968 0.001
51.52667 0.002
51.54750 0.012
51.56389 0.005
51.60540 0.052
51.61862 0.025
51.67012 0.002
51.73608 0.012
51.77999 0.004
51.80315 0.078
51.80969 0.016
51.82608 0.009
51.90002 0.005
51.96345 0.002
51.96736 0.003
51.98107 0.020
51.99294 0.026
52.00470 0.013
52.01278 0.013
52.01734 0.025
52.03715 0.032
52.06344 0.008
52.10047 0.005
52.10106 0.002
52.10851 0.002
52.11874 0.036
52.12073 0.027
52.17420 0.002
52.21481 0.027
52.26242 0.012
52.28154 0.003
52.32193 0.003
52.32267 0.002
52.32412 0.004
52.33408 0.003
52.35137 0.002
52.36011 0.002
52.38299 0.080
52.39283 0.002
52.39316 0.004
52.40550 0.051
52.41910 0.010
52.45276 0.007
52.45663 0.019
52.45854 0.015
52.46160 0.015
52.49973 0.025
52.50879 0.009
52.51028 0.003
52.51993 0.002
52.53348 0.006
52.53799 0.005
52.54661 0.002
52.55169 0.002
52.60439 0.005
52.61127 0.002
52.62037 0.029
52.71788 0.002
52.72526 0.012
52.74999 0.002
52.75549 0.022
52.76615 0.066
52.76918 0.002
52.79454 0.023
52.80156 0.031
52.80594 0.004
52.80882 0.008
52.93900 0.005
52.99267 0.006
53.08610 0.002
53.08822 0.003
53.11682 0.003
53.13051 0.002
53.15878 0.018
53.18912 0.007
53.22588 0.005
53.23895 0.011
53.24748 0.046
53.25246 0.002
53.25296 0.028
53.26016 0.005
53.26123 0.096
53.29904 0.002
53.30808 0.010
53.32410 0.002
53.32834 0.009
53.40540 0.002
53.41810 0.003
53.46207 0.003
53.47637 0.012
53.49796 0.089
53.56535 0.018
53.57960 0.002
53.60810 0.010
53.63456 0.002
53.64277 0.005
53.71594 0.002
53.72161 0.033
53.74663 0.039
53.75242 0.018
53.80380 0.003
53.83054 0.013
53.83535 0.001
53.83822 0.001
53.92513 0.002
53.93716 0.003
53.96033 0.001
53.97277 0.001
53.98852 0.012
53.99776 0.008
54.06655 0.023
54.11183 0.018
54.11402 0.076
54.11939 0.027
54.12311 0.018
54.12461 0.027
54.14617 0.006
54.23942 0.106
54.24425 0.004
54.25259 0.003
54.25911 0.002
54.26530 0.002
54.27512 0.028
54.30414 0.015
54.30432 0.015
54.35745 0.006
54.37002 0.023
54.39165 0.005
54.41636 0.007
54.43271 0.004
54.48002 0.067
54.49366 0.006
54.54736 0.002
54.59180 0.042
54.62185 0.002
54.63523 0.002
54.65132 0.001
54.65274 0.002
54.65561 0.012
54.67091 0.002
54.71763 0.003
54.72208 0.013
54.72366 0.002
54.72567 0.001
54.73230 0.013
54.74961 0.004
54.80005 0.008
54.81188 0.002
54.82511 0.007
54.82651 0.139
54.84457 0.075
54.85486 0.017
54.92983 0.017
54.93016 0.010
54.94608 0.018
54.95198 0.002
54.96493 0.009
54.98951 0.001
55.01763 0.001
55.02732 0.027
55.03968 0.018
55.08008 0.001
55.11739 0.002
55.12966 0.017
55.17723 0.002
55.20242 0.002
55.21004 0.040
55.21489 0.002
55.23872 0.001
55.24578 0.010
55.30913 0.043
55.34832 0.017
55.37569 0.001
55.38721 0.001
55.39420 0.009
55.40208 0.014
55.40271 0.004
55.42226 0.003
55.43178 0.002
55.45105 0.003
55.46519 0.026
55.47136 0.004
55.47235 0.001
55.47847 0.034
55.48607 0.002
55.52481 0.008
55.52810 0.005
55.53536 0.009
55.56607 0.011
55.62469 0.018
55.63038 0.002
55.63047 0.007
55.64660 0.003
55.67803 0.001
55.82190 0.024
55.83959 0.004
55.86717 0.005
55.87019 0.003
55.94777 0.003
55.94872 0.002
55.97776 0.002
55.99499 0.023
56.06935 0.006
56.08534 0.002
56.08913 0.001
56.08974 0.003
56.09415 0.003
56.10591 0.013
56.14095 0.005
56.16555 0.002
56.18433 0.007
56.19421 0.002
56.20007 0.005
56.22250 0.001
56.25030 0.002
56.29464 0.005
56.31480 0.053
56.31654 0.002
56.31978 0.070
56.32855 0.004
56.32941 0.017
56.37253 0.002
56.38580 0.002
56.38642 0.008
56.43112 0.001
56.43991 0.018
56.44282 0.007
56.48758 0.004
56.50521 0.002
56.50604 0.009
56.51549 0.002
56.52129 0.007
56.53938 0.003
56.57837 0.019
56.58271 0.012
56.61388 0.006
56.68848 0.009
56.70038 0.004
56.70456 0.006
56.70665 0.005
56.74732 0.001
56.74858 0.010
56.81545 0.004
56.82224 0.009
56.84676 0.002
56.85003 0.007
56.86855 0.003
56.90001 0.002
56.92550 0.007
56.94162 0.014
56.99717 0.034
57.02158 0.008
57.05098 0.006
57.08589 0.003
57.11346 0.002
57.11664 0.001
57.13412 0.005
57.15589 0.003
57.15810 0.003
57.19302 0.002
57.19391 0.005
57.20698 0.005
57.21589 0.006
57.25329 0.016
57.25714 0.002
57.26220 0.002
57.27628 0.002
57.28074 0.003
57.30928 0.001
57.31935 0.002
57.32445 0.008
57.36760 0.002
57.37541 0.010
57.43724 0.025
57.45654 0.003
57.45954 0.003
57.47054 0.004
57.53638 0.006
57.54582 0.005
57.57450 0.004
57.59704 0.002
57.63305 0.007
57.65723 0.026
57.65809 0.001
57.68369 0.047
57.69631 0.006
57.70176 0.010
57.70934 0.003
57.73110 0.016
57.80536 0.003
57.82470 0.018
57.82931 0.003
57.86385 0.002
57.89199 0.005
57.89261 0.001
57.91303 0.023
57.93442 0.015
58.00646 0.022
58.03715 0.002
58.05091 0.001
58.05991 0.004
58.09876 0.002
58.11169 0.014
58.13159 0.010
58.14640 0.003
58.17011 0.009
58.17258 0.002
58.18406 0.002
58.18816 0.002
58.30524 0.013
58.31166 0.002
58.31316 0.002
58.32258 0.001
58.34572 0.010
58.39201 0.002
58.39889 0.006
58.43369 0.002
58.45855 0.003
58.46423 0.012
58.56008 0.002
58.58657 0.001
58.59310 0.015
58.59499 0.008
58.60468 0.003
58.67915 0.023
58.68863 0.003
58.69792 0.019
58.77204 0.001
58.78222 0.001
58.78941 0.002
58.80056 0.014
58.81275 0.002
58.82042 0.002
58.88754 0.003
58.88921 0.004
58.89292 0.022
58.90147 0.003
58.90334 0.013
58.90389 0.002
58.90977 0.007
58.93555 0.004
58.96242 0.002
58.96879 0.019
58.99020 0.011
59.00982 0.009
59.05349 0.001
59.05587 0.004
59.09560 0.003
59.11133 0.001
59.15593 0.040
59.19064 0.019
59.21880 0.002
59.23422 0.006
59.24874 0.002
59.25502 0.002
59.26691 0.016
59.26756 0.033
59.28391 0.002
59.28574 0.009
59.33911 0.003
59.34968 0.029
59.35076 0.002
59.35204 0.013
59.35739 0.002
59.36548 0.003
59.40555 0.005
59.44139 0.016
59.44303 0.030
59.46157 0.005
59.47317 0.011
59.48216 0.004
59.49303 0.009
59.50221 0.003
59.55660 0.001
59.56661 0.001
59.57467 0.001
59.60377 0.002
59.61250 0.002
59.62626 0.005
59.65122 0.001
59.68468 0.008
59.68655 0.003
59.76240 0.010
59.77048 0.005
59.84076 0.003
59.87721 0.006
59.87943 0.001
59.90172 0.008
59.90203 0.011
59.94342 0.004
59.95549 0.003
59.95710 0.002
59.96635 0.003
59.97526 0.013
59.98078 0.004
59.99751 0.002
