11.88710 35.991
11.88728 35.992
11.88741 35.931
14.01264 28.196
14.01616 28.153
14.05476 27.904
18.38445 66.378
18.44415 66.461
18.44929 66.462
20.66398 2.785
20.66422 2.743
20.66453 2.747
21.94678 3.470
21.95153 3.498
21.97217 3.536
21.97899 3.504
22.02656 3.460
22.02862 3.485
23.90457 0.352
23.90494 0.351
23.90521 0.356
25.52660 99.740
25.57017 100.000
25.57403 99.974
27.77227 0.197
27.77426 0.188
27.83333 0.185
27.84029 0.193
27.85508 0.188
27.86006 0.178
28.24049 0.872
28.24768 0.868
28.32672 0.846
30.32110 0.090
30.32813 0.090
30.40171 0.091
30.69990 1.781
30.70331 1.836
30.77369 1.817
30.78345 1.764
30.81354 1.819
30.81989 1.875
31.80050 0.503
31.80071 0.503
31.80076 0.488
31.80113 0.487
31.80132 0.488
31.80148 0.489
32.65538 1.302
32.66052 1.295
32.69079 1.302
32.69866 1.306
32.74717 1.276
32.74990 1.272
35.21519 0.251
35.22424 0.241
35.24799 0.240
35.25978 0.251
35.35390 0.254
35.35665 0.244
36.19628 0.799
36.19685 0.799
36.19727 0.799
36.94706 0.315
37.02595 0.331
37.03239 0.333
37.25614 21.677
37.26472 0.242
37.38911 0.243
37.39982 0.243
38.94385 3.657
38.94691 3.665
39.00463 3.647
39.01238 3.642
39.03682 3.667
39.04151 3.672
39.19245 0.752
39.19649 0.720
39.23708 0.719
39.24503 0.751
39.24646 0.483
39.25207 0.488
39.28550 0.737
39.28941 0.708
39.33609 0.463
39.34922 0.455
39.40033 0.452
39.40784 0.455
40.87277 1.991
40.87984 1.984
40.88748 1.990
40.89561 1.985
40.96502 1.927
40.96609 1.926
42.04114 12.693
42.04164 12.610
42.04230 12.618
42.89268 0.507
42.93046 0.704
42.94170 0.705
43.00960 4.005
43.01692 0.544
43.02234 4.003
43.02781 0.546
43.06526 0.688
43.15893 3.958
43.84462 0.388
43.84490 0.377
43.84505 0.388
43.84564 0.382
43.84570 0.377
43.84602 0.384
44.48434 0.377
44.48984 0.376
44.52553 0.380
44.53401 0.379
44.58329 0.369
44.58629 0.370
44.66498 0.007
44.67234 0.007
44.74539 0.008
44.75968 0.008
44.83231 0.009
44.83923 0.009
46.45050 2.833
46.45300 2.834
46.58089 2.765
46.59432 2.757
46.60889 2.768
46.61983 2.765
47.87866 0.129
47.88001 0.129
47.95593 0.135
47.96324 0.136
47.96953 0.137
47.97550 0.138
48.93716 0.093
48.93795 0.093
48.93853 0.094
49.65510 0.803
49.65855 0.789
49.68892 0.196
49.70250 0.197
49.72609 0.203
49.74280 0.201
49.75021 0.414
49.75734 0.412
49.80339 0.784
49.81960 0.799
49.84342 0.799
49.84964 0.410
49.85618 0.782
49.86487 0.411
49.88640 0.187
49.88954 0.189
49.92945 0.412
49.93756 0.411
50.92549 3.605
50.92982 3.605
50.97813 3.614
51.10988 0.006
51.11373 0.007
51.13362 1.160
51.14194 1.157
51.17166 0.007
51.18001 0.007
51.21056 0.007
51.21506 0.008
51.22490 1.126
52.44366 4.729
52.53842 4.799
52.54680 4.801
52.68259 0.038
52.68985 0.038
52.70695 0.038
52.71587 0.039
52.78332 0.040
52.78499 0.040
52.80414 0.001
52.81403 0.001
52.91083 0.002
52.92012 1.984
52.92974 0.002
52.93347 1.980
52.94399 1.995
52.95924 1.999
53.02578 0.001
53.03480 0.001
53.09701 1.996
53.09890 1.994
53.66162 0.137
53.66185 0.137
53.66216 0.132
53.66257 0.132
53.66314 0.133
53.66331 0.132
53.97382 0.024
53.98223 0.024
54.02035 0.027
54.03283 0.026
54.12126 0.023
54.12532 0.023
55.89995 1.434
55.91862 0.029
55.92956 0.028
55.98759 0.029
56.00401 0.030
56.05975 1.412
56.07315 1.409
56.11023 0.029
56.11570 0.028
56.91234 0.009
56.91645 0.011
57.04704 0.011
57.06290 0.009
57.09569 0.012
57.10744 0.014
57.17578 0.038
57.18173 0.038
57.22188 0.038
57.23099 0.038
57.27179 0.206
57.28195 0.038
57.28511 0.037
57.33312 2.180
57.35157 2.174
57.36901 0.007
57.37341 0.007
57.47329 0.197
57.49065 0.196
57.50418 0.008
57.51960 0.007
57.55105 2.108
57.55234 0.007
57.56338 0.008
58.40732 0.149
58.42329 0.149
58.59898 0.140
58.61723 1.203
58.70675 1.216
58.71366 1.218
58.71768 0.344
58.72392 0.351
58.74791 0.049
58.76326 0.048
58.81436 0.050
58.83523 0.051
58.88340 0.349
58.90365 0.342
58.95476 0.348
58.96878 0.354
58.99296 0.046
58.99848 0.046
59.79535 0.047
59.80729 0.045
59.88259 0.046
59.90203 0.050
