7.09057 100.000
7.09101 99.986
7.93597 78.507
11.76723 4.761
13.29494 3.623
13.29565 3.612
14.20847 6.912
14.20936 6.923
15.91033 5.114
18.13576 1.239
18.13629 1.237
19.83394 0.965
19.83523 0.960
20.78929 0.835
20.79005 0.834
21.38199 0.276
21.38334 0.272
23.13565 1.832
23.66088 0.054
23.82325 5.404
23.88967 0.878
23.88972 0.869
23.96315 0.199
24.55924 0.547
24.55945 0.547
24.99243 0.050
24.99346 0.050
25.14914 0.181
25.84594 4.222
25.84624 4.203
26.03031 0.460
26.03046 0.465
26.64768 1.153
26.64801 1.161
26.76447 0.040
26.76629 0.040
26.77318 0.031
26.77464 0.030
27.01844 30.191
27.67661 0.043
27.67704 0.044
27.84783 0.042
27.84844 0.043
28.64146 0.010
28.64328 0.010
28.66601 0.034
28.66681 0.033
29.27347 0.116
29.27360 0.111
29.34578 0.006
29.55904 0.484
29.55979 0.467
29.83037 0.035
29.83090 0.035
29.95039 2.605
29.95087 2.594
29.97318 0.234
29.97372 0.235
30.91391 0.264
30.91467 0.257
31.71576 0.193
31.71672 0.195
32.02996 2.065
32.10127 0.046
32.10281 0.046
32.13817 0.005
32.48254 0.178
32.48364 0.175
32.59700 0.044
32.59757 0.044
33.33048 0.003
33.33072 0.003
33.34186 0.165
33.34395 0.169
33.82566 0.024
33.82620 0.024
33.92641 0.040
33.92876 0.041
34.23264 0.452
34.23369 0.456
34.33443 0.157
34.33598 0.155
34.46919 0.174
34.47046 0.169
34.80028 0.036
34.80128 0.035
35.01546 0.030
35.53186 0.267
35.53246 0.263
35.82017 0.100
36.02048 0.028
36.02280 0.028
36.21520 0.016
36.21645 0.014
36.74687 0.239
36.74796 0.240
36.79193 0.031
36.79275 0.031
36.82649 0.091
36.82802 0.091
37.06162 0.231
37.06282 0.231
37.97931 0.026
37.97949 0.027
38.03602 0.211
38.03765 0.210
38.23052 0.286
38.42335 0.020
38.42405 0.020
38.71893 0.653
38.71959 0.653
39.29646 0.093
39.29749 0.094
39.41556 0.616
39.41762 0.617
39.48717 0.037
39.48882 0.034
40.13582 0.097
40.13707 0.094
40.20693 0.012
40.20875 0.012
40.29544 0.169
40.29815 0.171
40.48513 0.017
40.58026 0.552
40.58178 0.550
40.64212 0.064
40.64438 0.064
41.29259 0.517
41.29549 0.519
41.65482 1.585
42.10025 0.079
42.10094 0.079
42.23692 0.073
42.23870 0.074
42.25448 0.105
42.25505 0.105
42.30535 0.147
42.30697 0.145
42.42174 0.105
42.42358 0.105
42.69729 0.101
42.69942 0.100
43.07697 0.439
43.07727 0.439
43.43499 0.053
43.43636 0.053
43.47642 0.130
43.47708 0.129
43.55761 1.341
43.56047 1.340
43.86139 0.051
43.86304 0.051
44.24224 0.049
44.24443 0.049
44.26905 1.250
44.27027 1.248
45.16670 0.370
45.16755 0.367
45.24072 0.021
45.43420 0.041
45.43576 0.042
45.57707 0.006
45.57899 0.006
45.66815 0.021
45.66888 0.021
46.55090 0.015
46.55330 0.016
46.91184 0.003
46.91324 0.003
46.94369 0.018
46.94630 0.018
46.95685 0.018
46.95892 0.018
47.28725 0.021
47.42689 0.066
47.42986 0.067
47.51039 0.008
47.51041 0.009
47.56619 0.038
47.56951 0.038
48.24902 0.056
48.24915 0.057
48.25119 0.013
48.25135 0.013
48.41371 0.014
48.46207 0.014
48.46458 0.014
48.46899 0.064
48.47139 0.062
48.53682 0.034
48.53702 0.034
48.76238 0.118
48.76563 0.008
48.80345 0.083
48.80580 0.083
48.87923 0.016
48.88271 0.016
48.90214 0.015
48.90296 0.015
48.90511 0.010
48.90522 0.009
48.90615 0.039
48.90633 0.040
48.99129 0.329
49.06311 0.831
49.38302 0.005
49.38376 0.004
49.62506 0.058
49.62625 0.057
50.34449 0.049
50.34489 0.048
50.34763 0.071
50.34809 0.072
50.41826 0.086
50.41852 0.084
50.42246 0.235
50.42276 0.237
50.63762 0.029
50.63932 0.029
50.69673 0.035
50.69677 0.033
50.69828 0.288
50.70007 0.289
51.29863 0.276
51.30205 0.275
51.40111 0.006
51.40148 0.006
51.40314 0.025
51.40361 0.025
51.61889 0.359
51.62407 0.680
51.67770 0.011
51.68031 0.012
51.98309 0.007
51.98599 0.007
52.10030 0.049
52.10243 0.048
52.48439 0.031
52.48654 0.033
53.13883 0.081
53.13948 0.082
53.14388 0.025
53.14459 0.026
53.25546 0.020
53.25626 0.020
53.38705 0.190
53.39007 0.191
53.47664 0.013
53.47741 0.012
53.48064 0.044
53.48150 0.045
53.54000 0.008
53.54021 0.009
53.54095 0.058
53.54128 0.057
53.82120 0.019
53.82386 0.019
53.83425 0.011
53.83513 0.011
53.89205 0.301
53.89244 0.298
53.89807 0.012
53.89849 0.012
54.36827 0.030
54.36979 0.029
54.71970 0.018
54.72291 0.018
54.89451 0.040
54.89537 0.039
55.05872 0.005
55.06193 0.005
55.10105 0.004
55.10388 0.004
55.10739 0.004
55.10798 0.004
55.16696 0.008
55.17015 0.007
55.32214 0.017
55.32352 0.017
55.70587 2.063
55.71275 0.195
55.83201 0.021
55.83496 0.020
56.31542 0.009
56.31720 0.008
56.67674 0.146
56.67681 0.144
56.72542 0.016
56.72954 0.016
56.81923 0.030
56.82036 0.028
56.90486 0.084
57.15064 0.055
57.15152 0.051
57.25701 0.007
57.25781 0.007
57.32977 0.005
57.33035 0.005
57.33163 0.018
57.33235 0.018
57.53154 0.003
57.53277 0.003
57.53630 0.010
57.53765 0.010
57.62605 0.083
57.62844 0.083
57.94547 0.163
58.33686 0.128
58.34019 0.130
58.51438 0.211
58.51488 0.209
58.52200 0.015
58.52252 0.015
58.69882 0.038
58.70173 0.039
59.00158 0.402
59.00517 0.402
59.26348 0.006
59.26468 0.006
59.29983 0.072
59.30389 0.072
