11.76619 14.976
11.76678 14.972
11.76699 14.975
11.95103 99.605
11.95156 100.000
11.95282 99.461
16.80140 14.121
16.80207 14.176
16.80313 14.154
20.45248 1.005
20.45284 1.006
20.45388 1.006
20.56037 2.804
20.56056 2.786
20.56094 2.885
20.56131 2.889
20.56317 2.787
20.56373 2.761
20.88336 24.853
20.88437 24.604
20.88510 24.765
23.65877 0.169
23.65997 0.168
23.66040 0.169
24.03459 4.995
24.03567 4.984
24.03823 5.024
26.58449 0.133
26.58494 0.129
26.58499 0.139
26.58586 0.270
26.58717 0.130
26.83770 1.295
26.83809 1.270
26.83856 1.178
26.84031 1.255
26.84047 1.178
26.84182 1.267
29.15954 0.028
29.16009 0.033
29.16357 0.026
29.77981 69.162
31.46988 0.152
31.47029 0.152
31.47058 0.152
31.47123 0.152
31.47214 0.151
31.47239 0.151
31.54208 0.623
31.54296 0.642
31.54310 0.617
31.54313 0.612
31.54559 0.631
31.54650 0.646
31.75919 0.092
31.75925 0.080
31.76020 0.090
31.76092 0.087
31.76416 0.080
31.76482 0.092
32.11930 1.191
32.11992 1.223
32.12015 1.117
32.12155 1.207
32.12225 1.103
32.12303 1.146
33.97826 0.013
33.97965 0.007
33.98183 0.011
35.81691 0.315
35.81877 0.315
35.81943 0.315
35.88260 0.088
35.88316 0.089
35.88426 0.089
36.07567 0.370
36.07583 0.413
36.07613 0.389
36.07806 0.398
36.07917 0.407
36.08094 0.374
36.39704 0.170
36.39724 0.172
36.39871 0.209
36.39954 0.128
36.40164 0.162
36.40266 0.160
37.88755 0.679
37.88899 0.676
37.88904 1.341
37.88994 0.674
37.89149 0.660
38.37953 0.041
38.38045 0.051
38.38047 0.031
38.38287 0.049
38.38444 0.029
38.38591 0.037
39.80684 1.843
39.80746 1.861
39.80747 1.839
39.80765 1.842
39.81163 1.850
39.81206 1.864
39.98412 0.058
39.98550 0.061
39.99083 0.057
40.69126 2.735
40.69200 2.789
40.69335 2.720
41.59558 5.018
41.59635 5.019
41.59853 5.013
41.82281 0.456
41.82320 0.481
41.82401 0.462
41.82478 0.457
41.82870 0.461
41.82987 0.481
42.50384 0.614
42.50596 0.626
42.50751 0.624
43.37763 0.168
43.37807 0.169
43.37904 0.168
43.37997 0.168
43.38071 0.168
43.38120 0.168
43.43244 0.293
43.43356 0.296
43.43405 0.299
43.43416 0.306
43.43671 0.295
43.43793 0.306
43.59902 1.309
43.59915 1.329
43.59925 1.346
43.60085 1.338
43.60190 1.337
43.60337 1.308
43.87248 0.059
43.87267 0.059
43.87300 0.050
43.87335 0.050
43.87414 0.052
43.87468 0.060
43.87505 0.052
43.87664 0.060
43.87768 0.052
43.87928 0.053
43.87978 0.063
43.88051 0.061
44.25610 0.224
44.25689 0.232
44.25736 0.259
44.25896 0.260
44.26114 0.225
44.26195 0.216
46.83116 0.057
46.83233 0.058
46.83297 0.057
46.83304 0.057
46.83305 0.058
46.83429 0.058
46.98653 0.226
46.98725 0.212
46.98763 0.226
46.98904 0.230
46.99106 0.222
46.99319 0.210
47.24554 0.112
47.24607 0.114
47.24654 0.110
47.24911 0.111
47.25160 0.114
47.25364 0.113
47.60725 0.017
47.60779 0.023
47.60950 0.019
47.61167 0.018
47.61234 0.023
47.61398 0.017
48.40918 0.044
48.41176 0.044
48.41268 0.044
49.21909 0.001
50.04932 0.952
50.04954 0.958
50.05491 0.950
50.19677 0.046
50.19715 0.045
50.19820 0.045
50.19838 0.045
50.20445 0.046
50.20501 0.044
50.78800 0.125
50.78900 0.111
50.78954 0.106
50.79211 0.103
50.79521 0.116
50.79679 0.128
51.23125 1.168
51.23250 1.139
51.23332 1.158
51.98785 2.070
51.98906 2.081
51.99004 2.062
51.99129 2.091
51.99477 2.084
51.99724 2.068
52.75843 0.253
52.75991 0.250
52.76278 0.256
53.07521 0.062
53.07597 0.062
53.07607 0.062
53.07709 0.062
53.07924 0.062
53.07951 0.062
53.26612 0.748
53.26641 0.738
53.26944 0.744
53.50056 0.073
53.50065 0.078
53.50139 0.073
53.50189 0.076
53.50216 0.078
53.50219 0.074
53.50343 0.076
53.50580 0.077
53.50586 0.072
53.50897 0.145
53.51033 0.077
53.83152 0.020
53.83494 0.019
53.83845 0.020
54.25514 0.110
54.25581 0.105
54.25714 0.086
54.25943 0.086
54.25949 0.103
54.26109 0.105
55.30862 0.149
55.30948 0.163
55.31052 0.165
55.31435 0.165
55.31471 0.162
55.31768 0.148
56.07615 0.015
56.07734 0.014
56.07846 0.013
56.07883 0.013
56.08129 0.015
56.08285 0.013
56.75980 0.461
56.76007 0.442
56.76217 0.441
56.76323 0.437
56.76966 0.448
56.77044 0.463
57.16904 0.011
57.16982 0.008
57.17100 0.011
57.17264 0.010
57.17643 0.008
57.17729 0.011
57.51661 0.263
57.51879 0.267
57.51887 0.266
57.87468 0.022
57.87484 0.026
57.87579 0.028
57.87819 0.028
57.88164 0.022
57.88420 0.024
59.06415 0.011
59.06587 0.011
59.06610 0.009
59.06690 0.009
59.06986 0.011
59.07238 0.012
59.59390 0.099
59.59468 0.084
59.59554 0.090
59.59859 0.086
59.60268 0.086
59.60495 0.098
59.99039 0.046
59.99156 0.053
59.99265 0.062
59.99631 0.056
59.99720 0.059
59.99970 0.048
