2.90978 7.217
3.38824 97.006
3.42091 100.000
5.31081 1.114
5.37333 1.020
5.82145 7.500
6.15820 1.106
6.77945 9.921
6.84487 10.754
7.86890 0.557
7.93944 0.028
8.42529 2.406
8.53057 1.733
8.73687 0.131
9.33924 0.468
9.37503 0.733
10.17661 0.317
10.27497 0.893
10.61660 0.189
10.63308 0.003
10.69006 0.053
10.75852 0.271
11.65798 0.326
11.70299 1.297
11.84561 0.348
12.33428 0.071
12.64003 0.114
12.71077 0.447
13.12635 0.041
13.26234 0.236
13.44304 0.126
13.51795 0.024
13.58277 0.332
13.69301 0.152
13.71433 0.762
13.86407 0.227
14.58671 0.037
15.04536 0.631
15.22370 0.012
15.48580 0.069
15.52209 0.269
15.77521 0.121
15.91732 0.030
15.97846 0.031
15.99467 0.117
16.09994 0.065
16.16767 0.011
16.31283 0.013
16.38864 0.023
16.82601 0.282
16.89657 0.005
16.97208 0.879
17.00006 0.101
17.00103 0.075
17.05813 0.533
17.10888 0.014
17.15831 0.094
17.16614 0.223
17.29150 0.370
17.36301 0.387
17.38704 0.026
17.52506 0.039
17.63118 0.044
17.63806 0.050
17.66592 0.190
17.71195 0.055
17.78489 0.440
17.92078 0.041
17.96161 0.229
17.96970 0.244
18.22983 0.098
18.26991 0.062
18.40329 0.426
18.41099 0.041
18.42594 0.054
18.45477 0.003
18.51850 0.083
18.52553 0.570
18.54658 0.051
18.59206 0.048
18.63958 0.040
18.65596 0.048
18.66455 0.027
18.66732 0.122
18.74124 0.042
18.75142 0.054
18.77296 0.001
18.81357 0.222
18.81795 0.002
18.90783 0.011
18.92323 0.277
19.02740 0.014
19.03353 0.436
19.18249 0.162
19.20150 0.004
19.21248 0.025
19.26402 0.005
19.26956 0.337
19.28898 0.020
19.38414 0.102
19.44606 0.087
19.46551 0.073
19.52395 0.069
19.55957 0.130
19.67429 0.003
19.72596 0.022
19.87298 0.058
19.94804 0.021
19.97750 0.054
20.05780 0.257
20.07915 0.111
20.07940 0.185
20.18424 0.035
20.20961 0.013
20.25158 0.121
20.30701 0.204
20.39329 0.021
20.39852 0.017
20.41478 0.299
20.43461 0.037
20.43577 0.038
20.47507 0.045
20.51597 0.009
20.63373 0.070
20.69215 0.018
20.78202 0.005
20.85346 0.196
20.88618 0.021
21.05314 0.107
21.09676 0.108
21.15647 0.032
21.18491 0.051
21.26969 0.023
21.32572 0.006
21.35911 0.029
21.39565 0.089
21.42611 0.011
21.47461 0.013
21.48210 0.043
21.48619 0.116
21.48648 0.022
21.58539 0.326
21.61336 0.022
21.66938 0.350
21.70390 0.003
21.71310 0.123
21.74059 0.040
21.80338 0.006
21.83646 0.025
21.90109 0.106
21.97576 0.142
22.00359 0.016
22.01861 0.023
22.03059 0.009
22.06384 0.034
22.13655 0.019
22.13896 0.602
22.17205 0.192
22.20095 0.032
22.21366 0.003
22.30268 0.027
22.31529 0.028
22.34157 0.214
22.40188 0.022
22.46757 0.061
22.48167 0.018
22.60746 0.021
22.61572 0.024
22.64207 0.001
22.66241 0.088
22.80258 0.071
22.87133 0.038
22.97716 0.008
23.05985 0.497
23.07897 0.020
23.18095 0.016
23.24028 0.007
23.28898 0.067
23.29580 0.145
23.30280 0.010
23.33183 0.004
23.36679 0.011
23.43886 0.004
23.50119 0.039
23.52335 0.110
23.53033 0.001
23.55725 0.084
23.66791 0.027
23.70209 0.025
23.75799 0.003
23.77559 0.024
23.82023 0.018
23.85737 0.211
23.86095 0.010
23.88684 0.003
23.89126 0.043
23.95062 0.042
23.95758 0.249
23.97377 0.004
24.04763 0.031
24.10559 0.005
24.12054 0.023
24.18096 0.031
24.30581 0.029
24.30863 0.134
24.41686 0.003
24.43858 0.004
24.48379 0.076
24.54514 0.666
24.57038 0.009
24.57771 0.027
24.60770 0.205
24.70758 0.011
24.72017 0.003
24.72305 0.013
24.74489 0.027
24.79753 0.005
24.81443 0.003
24.86006 0.008
24.95310 0.016
25.02289 0.015
25.02658 0.008
25.08315 0.013
25.11984 0.010
25.16083 0.003
25.18569 0.023
25.20010 0.002
25.24897 0.002
25.27491 0.002
25.34168 0.015
25.35072 0.018
25.43722 0.002
25.46010 0.024
25.46211 0.011
25.52662 0.002
25.55968 0.012
25.55990 0.313
25.58139 0.069
25.62789 0.016
25.66160 0.041
25.69448 0.002
25.77866 0.052
25.78513 0.001
25.78554 0.235
25.80232 0.050
25.84091 0.063
25.92833 0.023
25.98133 0.024
26.09677 0.011
26.19377 0.014
26.24895 0.027
26.27902 0.041
26.30497 0.004
26.40458 0.204
26.41865 0.005
26.42900 0.012
26.43488 0.014
26.45874 0.014
26.50870 0.154
26.52646 0.006
26.70663 0.010
26.72648 0.006
26.74716 0.021
26.78787 0.006
26.85818 0.020
26.86717 0.152
26.88894 0.019
26.92327 0.003
26.93956 0.019
26.97891 0.018
27.07569 0.014
27.10267 0.030
27.10896 0.011
27.13553 0.067
27.19802 0.309
27.21408 0.008
27.21517 0.002
27.22874 0.003
27.25135 0.006
27.25229 0.001
27.27121 0.008
27.34413 0.040
27.34987 0.034
27.36122 0.010
27.41910 0.039
27.46128 0.002
27.49951 0.016
27.55870 0.006
27.61334 0.026
27.63017 0.025
27.66505 0.017
27.70621 0.047
27.72307 0.007
27.83833 0.006
27.93646 0.006
27.99603 0.005
27.99639 0.006
28.01143 0.004
28.03356 0.008
28.05897 0.020
28.13042 0.003
28.25010 0.013
28.26934 0.017
28.27267 0.018
28.28128 0.017
28.28402 0.201
28.30166 0.108
28.38307 0.008
28.40218 0.025
28.42993 0.029
28.47921 0.015
28.52800 0.016
28.57136 0.029
28.60580 0.010
28.60779 0.010
28.61018 0.003
28.63188 0.002
28.74117 0.015
28.74200 0.002
28.79138 0.025
28.85416 0.013
28.97841 0.004
29.02508 0.007
29.03456 0.022
29.03805 0.008
29.06307 0.002
29.06314 0.028
29.10804 0.011
29.15585 0.001
29.16340 0.003
29.26234 0.028
29.35227 0.007
29.36084 0.005
29.37493 0.005
29.39072 0.001
29.39392 0.021
29.41674 0.004
29.46219 0.024
29.49950 0.004
29.50761 0.007
29.54168 0.017
29.57710 0.003
29.61756 0.005
29.61941 0.014
29.63324 0.033
29.66754 0.002
29.72446 0.007
29.83185 0.005
29.85172 0.010
29.86696 0.094
29.86791 0.003
29.87279 0.008
29.88938 0.004
29.89575 0.036
30.00553 0.004
30.02319 0.041
30.04112 0.113
30.12307 0.003
30.14205 0.024
30.16391 0.006
30.17589 0.009
30.21254 0.026
30.23981 0.003
30.33031 0.022
30.48985 0.021
30.56046 0.003
30.68214 0.001
30.72473 0.002
30.83689 0.002
30.85961 0.007
30.86144 0.012
30.93218 0.008
30.94512 0.004
30.98834 0.009
31.01831 0.023
31.02615 0.002
31.04439 0.003
31.05619 0.020
31.15872 0.011
31.16644 0.012
31.18271 0.058
31.21502 0.043
31.23910 0.003
31.26384 0.004
31.33853 0.007
31.35018 0.002
31.40131 0.022
31.41982 0.008
31.46051 0.032
31.48253 0.023
31.65132 0.046
31.65491 0.002
31.66146 0.014
31.73002 0.018
31.73614 0.004
31.79890 0.028
31.83258 0.016
31.85974 0.014
31.87700 0.003
31.88019 0.003
31.97182 0.006
32.00967 0.008
32.04781 0.005
32.08866 0.015
32.12443 0.003
32.15258 0.003
32.17572 0.021
32.17855 0.016
32.19783 0.006
32.21471 0.003
32.22432 0.013
32.22742 0.002
32.23988 0.004
32.27864 0.004
32.31205 0.004
32.39598 0.002
32.43557 0.006
32.45590 0.002
32.52918 0.060
32.56231 0.034
32.56343 0.026
32.57986 0.016
32.58430 0.007
32.59815 0.008
32.60097 0.003
32.63599 0.004
32.66583 0.019
32.66890 0.003
32.72335 0.010
32.76027 0.068
33.00006 0.018
33.03511 0.029
33.09789 0.003
33.12507 0.006
33.14818 0.010
33.18807 0.002
33.23152 0.002
33.27823 0.007
33.29700 0.002
33.31345 0.011
33.37623 0.001
33.37885 0.006
33.46060 0.018
33.47311 0.011
33.51368 0.008
33.60987 0.014
33.62030 0.008
33.65045 0.012
33.66277 0.002
33.83389 0.001
33.86548 0.022
33.89657 0.043
33.97385 0.006
34.00195 0.029
34.01025 0.016
34.01535 0.016
34.02131 0.002
34.02918 0.061
34.06145 0.002
34.07334 0.004
34.07810 0.014
34.08843 0.017
34.10407 0.005
34.14104 0.003
34.15793 0.014
34.17518 0.002
34.17915 0.004
34.19751 0.003
34.22169 0.030
34.23944 0.002
34.24364 0.018
34.28978 0.024
34.31422 0.005
34.33149 0.015
34.33356 0.008
34.35867 0.006
34.36689 0.001
34.38048 0.003
34.38089 0.012
34.38191 0.025
34.38942 0.015
34.39144 0.029
34.41245 0.021
34.41825 0.004
34.43303 0.004
34.43686 0.004
34.44585 0.007
34.48663 0.008
34.49226 0.001
34.50967 0.002
34.51021 0.001
34.51612 0.014
34.55651 0.015
34.60369 0.017
34.61480 0.006
34.63398 0.018
34.64466 0.003
34.65962 0.003
34.67392 0.003
34.71627 0.003
34.71720 0.005
34.72037 0.010
34.73343 0.001
34.75122 0.039
34.81828 0.005
34.83306 0.003
34.84226 0.016
34.87295 0.006
34.91404 0.004
34.93369 0.011
34.93867 0.009
34.95654 0.004
34.95697 0.006
34.96193 0.008
34.97291 0.004
34.97890 0.006
34.98683 0.003
34.99324 0.007
35.00897 0.007
35.01329 0.004
35.02182 0.001
35.04037 0.006
35.08351 0.011
35.08821 0.009
35.14153 0.003
35.14908 0.059
35.18475 0.002
35.20406 0.002
35.21926 0.015
35.26874 0.042
35.28152 0.010
35.28446 0.033
35.30420 0.025
35.30550 0.012
35.34333 0.010
35.37914 0.002
35.39246 0.002
35.43065 0.016
35.43379 0.014
35.44076 0.013
35.47968 0.004
35.53077 0.011
35.59797 0.014
35.61878 0.003
35.62761 0.010
35.64646 0.009
35.66120 0.004
35.69800 0.009
35.73163 0.023
35.77013 0.006
35.77154 0.004
35.78628 0.042
35.80855 0.004
35.81097 0.002
35.83558 0.007
35.86573 0.004
35.87798 0.033
35.87924 0.002
35.88776 0.001
35.91696 0.011
35.92453 0.003
35.94201 0.012
35.96426 0.006
35.99118 0.005
35.99330 0.018
36.01205 0.002
36.01725 0.009
36.06550 0.027
36.09952 0.002
36.12253 0.001
36.15312 0.013
36.16792 0.004
36.17798 0.016
36.18346 0.005
36.18808 0.001
36.19821 0.007
36.23370 0.006
36.24116 0.003
36.29969 0.008
36.32432 0.009
36.38458 0.005
36.40097 0.002
36.42212 0.025
36.42245 0.004
36.42258 0.057
36.44387 0.004
36.51882 0.002
36.53172 0.001
36.54568 0.006
36.54974 0.006
36.55141 0.009
36.55215 0.010
36.57367 0.015
36.58368 0.009
36.66788 0.007
36.67326 0.011
36.71631 0.002
36.76358 0.012
36.78420 0.008
36.79336 0.007
36.81484 0.020
36.85397 0.007
36.87791 0.009
36.88322 0.022
36.90878 0.021
36.93684 0.003
36.94267 0.025
36.95130 0.003
36.96457 0.007
37.00112 0.002
37.00403 0.012
37.02613 0.004
37.08733 0.013
37.09274 0.002
37.09300 0.010
37.09527 0.004
37.10530 0.005
37.10598 0.001
37.12113 0.011
37.18563 0.003
37.23182 0.002
37.23476 0.020
37.24114 0.004
37.30960 0.001
37.32002 0.004
37.33324 0.002
37.35116 0.020
37.37768 0.009
37.38582 0.010
37.41003 0.001
37.41124 0.010
37.42116 0.004
37.42271 0.001
37.48224 0.004
37.48482 0.002
37.48798 0.030
37.52580 0.002
37.55875 0.003
37.56459 0.010
37.58359 0.005
37.58441 0.016
37.60263 0.002
37.64458 0.011
37.67008 0.002
37.67617 0.001
37.68546 0.019
37.69749 0.015
37.71214 0.003
37.72321 0.007
37.74297 0.004
37.76157 0.017
37.77912 0.002
37.79399 0.001
37.79660 0.004
37.83078 0.009
37.83857 0.014
37.84617 0.015
37.84670 0.001
37.84869 0.006
37.85448 0.006
37.89373 0.001
37.90459 0.024
37.93518 0.002
37.95543 0.003
37.99831 0.002
38.00872 0.002
38.05606 0.003
38.05633 0.017
38.06895 0.001
38.07199 0.003
38.07492 0.005
38.10941 0.003
38.12989 0.005
38.15969 0.006
38.16024 0.016
38.16884 0.001
38.22320 0.004
38.24573 0.010
38.25439 0.004
38.27400 0.016
38.27806 0.016
38.30914 0.004
38.31224 0.003
38.31587 0.009
38.32343 0.036
38.33550 0.002
38.37152 0.003
38.37290 0.008
38.38871 0.007
38.43015 0.008
38.43263 0.001
38.49088 0.002
38.51683 0.011
38.54592 0.005
38.56725 0.016
38.56748 0.002
38.58878 0.011
38.60438 0.010
38.60637 0.005
38.61919 0.005
38.64900 0.002
38.66780 0.005
38.70485 0.006
38.74507 0.001
38.79077 0.010
38.80510 0.014
38.80526 0.007
38.82792 0.009
38.82928 0.009
38.88520 0.012
38.90468 0.010
38.92495 0.009
38.93529 0.007
38.93936 0.002
38.97040 0.013
38.97343 0.003
38.99336 0.001
39.01426 0.015
39.01675 0.004
39.05217 0.001
39.07864 0.003
39.10120 0.004
39.11046 0.003
39.11279 0.006
39.11824 0.016
39.15342 0.005
39.16172 0.003
39.18941 0.004
39.23930 0.003
39.32867 0.004
39.33270 0.001
39.33569 0.006
39.34067 0.008
39.37719 0.002
39.37966 0.007
39.38058 0.005
39.46129 0.003
39.47401 0.004
39.52301 0.004
39.53324 0.002
39.54741 0.003
39.56224 0.001
39.59999 0.003
39.62140 0.012
39.63829 0.009
39.64544 0.009
39.65539 0.003
39.67104 0.001
39.67454 0.003
39.67621 0.013
39.68884 0.004
39.69325 0.002
39.72008 0.004
39.74005 0.010
39.74567 0.016
39.74756 0.004
39.78279 0.006
39.80702 0.001
39.82179 0.010
39.82594 0.006
39.84446 0.004
39.89974 0.019
39.90402 0.005
39.95002 0.006
39.96055 0.009
39.98824 0.005
40.02098 0.014
40.03572 0.020
40.06891 0.002
40.10644 0.009
40.10681 0.002
40.12875 0.002
40.17831 0.007
40.19139 0.002
40.19213 0.001
40.21507 0.002
40.25049 0.012
40.25944 0.002
40.27052 0.001
40.35378 0.008
40.37098 0.005
40.37846 0.003
40.38680 0.006
40.40094 0.009
40.40997 0.002
40.44018 0.013
40.46568 0.006
40.46631 0.004
40.46770 0.010
40.46787 0.030
40.50358 0.007
40.51920 0.015
40.53496 0.003
40.53856 0.002
40.54471 0.012
40.61510 0.005
40.62312 0.001
40.65523 0.011
40.65710 0.015
40.70246 0.016
40.70589 0.003
40.72281 0.002
40.76549 0.015
40.77623 0.002
40.78228 0.005
40.79970 0.008
40.81035 0.002
40.81088 0.003
40.82112 0.015
40.87897 0.008
40.88053 0.004
40.91231 0.009
40.91750 0.001
40.91792 0.004
40.92511 0.008
40.92613 0.004
40.98190 0.010
41.00548 0.004
41.03124 0.009
41.06583 0.002
41.08457 0.002
41.11306 0.001
41.16811 0.008
41.17283 0.010
41.18088 0.004
41.18137 0.007
41.18546 0.008
41.20837 0.020
41.24834 0.004
41.28944 0.001
41.34764 0.008
41.35149 0.005
41.39875 0.002
41.40463 0.003
41.41552 0.015
41.42178 0.003
41.44391 0.007
41.46941 0.002
41.47099 0.005
41.48109 0.004
41.48200 0.001
41.48891 0.013
41.49865 0.002
41.50981 0.003
41.51621 0.007
41.52322 0.005
41.54177 0.002
41.54948 0.011
41.56041 0.016
41.56570 0.001
41.58854 0.003
41.59767 0.014
41.62338 0.001
41.63630 0.003
41.63875 0.006
41.66561 0.005
41.67574 0.026
41.68861 0.007
41.69895 0.001
41.72928 0.003
41.82615 0.005
41.83572 0.009
41.86100 0.003
41.90938 0.002
41.91476 0.002
41.91752 0.006
41.94875 0.007
41.99218 0.010
41.99543 0.007
42.00868 0.003
42.01672 0.006
42.05728 0.006
42.07211 0.002
42.08108 0.007
42.08280 0.002
42.08820 0.008
42.09275 0.002
42.10052 0.009
42.10283 0.006
42.15875 0.001
42.16410 0.009
42.18899 0.003
42.20011 0.011
42.20108 0.003
42.21921 0.002
42.22639 0.003
42.25300 0.005
42.27858 0.001
42.28564 0.008
42.29002 0.003
42.34032 0.004
42.36549 0.004
42.36860 0.006
42.39525 0.006
42.39538 0.001
42.44074 0.013
42.44189 0.002
42.45546 0.005
42.49705 0.001
42.50978 0.003
42.52729 0.004
42.55295 0.001
42.56254 0.003
42.58193 0.005
42.60092 0.003
42.64216 0.001
42.64550 0.003
42.65420 0.014
42.67391 0.015
42.67581 0.009
42.69572 0.002
42.72285 0.005
42.72310 0.002
42.73998 0.019
42.74813 0.004
42.77515 0.002
42.77997 0.003
42.85316 0.001
42.85972 0.007
42.86230 0.009
42.87704 0.019
42.90374 0.001
42.93991 0.006
42.95023 0.010
42.95152 0.001
42.95445 0.003
42.96880 0.016
42.97760 0.001
43.00185 0.004
43.00427 0.003
43.00907 0.009
43.03584 0.004
43.04003 0.004
43.04280 0.012
43.04468 0.028
43.08065 0.001
43.09736 0.003
43.14077 0.005
43.19660 0.041
43.19719 0.001
43.19889 0.016
43.23219 0.010
43.26443 0.002
43.26481 0.003
43.26846 0.001
43.32002 0.018
43.36520 0.001
43.39168 0.015
43.39702 0.005
43.40913 0.010
43.42776 0.001
43.43855 0.017
43.44786 0.014
43.45266 0.001
43.49000 0.018
43.50919 0.004
43.51886 0.006
43.53236 0.003
43.53982 0.033
43.54873 0.007
43.56809 0.002
43.57560 0.002
43.61936 0.005
43.62890 0.006
43.65099 0.003
43.66231 0.002
43.67396 0.002
43.67804 0.001
43.68956 0.013
43.70519 0.001
43.71313 0.001
43.71322 0.017
43.71968 0.011
43.74129 0.003
43.75367 0.002
43.76953 0.001
43.77882 0.005
43.79671 0.017
43.80806 0.011
43.85409 0.006
43.87513 0.002
43.97161 0.005
43.97287 0.027
43.97723 0.001
43.98833 0.011
44.01417 0.013
44.02007 0.002
44.04760 0.020
44.06077 0.003
44.07008 0.002
44.10104 0.008
44.11907 0.010
44.13535 0.007
44.14688 0.008
44.15855 0.009
44.16634 0.007
44.17630 0.006
44.18322 0.002
44.18399 0.010
44.19788 0.006
44.21507 0.002
44.23336 0.010
44.23951 0.001
44.25902 0.006
44.25914 0.009
44.26310 0.002
44.28208 0.003
44.29276 0.002
44.30409 0.002
44.31361 0.011
44.39885 0.006
44.40032 0.006
44.41995 0.014
44.45050 0.004
44.46605 0.009
44.47346 0.004
44.51086 0.004
44.52068 0.007
44.52813 0.004
44.52974 0.001
44.54534 0.004
44.55138 0.004
44.56962 0.011
44.57430 0.010
44.57770 0.016
44.59659 0.002
44.62164 0.021
44.63081 0.003
44.65787 0.006
44.68329 0.002
44.68674 0.004
44.75171 0.001
44.77254 0.002
44.77841 0.004
44.80684 0.007
44.81641 0.007
44.83558 0.002
44.87551 0.014
44.89329 0.003
44.90740 0.002
44.92465 0.003
44.93287 0.005
44.94271 0.002
44.96297 0.002
44.98366 0.001
45.00351 0.003
45.01268 0.003
45.03496 0.007
45.08490 0.002
45.12645 0.011
45.14716 0.011
45.15804 0.016
45.16316 0.003
45.16366 0.012
45.17547 0.005
45.18694 0.036
45.19900 0.004
45.20402 0.002
45.20829 0.002
45.23351 0.004
45.25898 0.002
45.29496 0.012
45.32198 0.003
45.35486 0.004
45.36202 0.005
45.41567 0.002
45.44386 0.002
45.44963 0.002
45.48841 0.014
45.49751 0.006
45.50188 0.002
45.51135 0.005
45.52699 0.009
45.56486 0.028
45.56650 0.003
45.59413 0.005
45.63371 0.006
45.66424 0.003
45.67650 0.019
45.69222 0.003
45.71160 0.001
45.71661 0.001
45.72251 0.008
45.73570 0.009
45.73882 0.006
45.75599 0.008
45.78476 0.002
45.82523 0.003
45.86239 0.004
45.88787 0.003
45.89244 0.002
45.90594 0.003
45.92125 0.002
45.92784 0.010
45.95018 0.007
45.95327 0.002
45.98989 0.002
45.99510 0.002
46.05028 0.015
46.05847 0.019
46.07211 0.034
46.07648 0.010
46.07754 0.003
46.09130 0.005
46.10097 0.002
46.10169 0.001
46.12269 0.008
46.16050 0.002
46.17016 0.007
46.17811 0.005
46.18142 0.001
46.19587 0.005
46.21044 0.003
46.23369 0.001
46.23428 0.001
46.23432 0.001
46.25217 0.003
46.27766 0.001
46.27982 0.004
46.31978 0.006
46.33784 0.002
46.37827 0.005
46.40810 0.005
46.41034 0.008
46.42300 0.009
46.45392 0.001
46.47091 0.012
46.47871 0.010
46.48054 0.014
46.49008 0.003
46.50596 0.008
46.52005 0.007
46.52539 0.002
46.54032 0.010
46.57670 0.001
46.59048 0.007
46.60573 0.006
46.66529 0.004
46.68272 0.003
46.70999 0.023
46.72347 0.003
46.72474 0.004
46.73944 0.007
46.74223 0.014
46.74612 0.002
46.75110 0.003
46.78054 0.003
46.80027 0.001
46.82149 0.004
46.82951 0.001
46.88048 0.017
46.88982 0.007
46.88999 0.011
46.92960 0.004
46.94946 0.008
46.96790 0.009
46.97687 0.009
47.00227 0.003
47.02566 0.006
47.03710 0.006
47.05970 0.003
47.08488 0.004
47.12627 0.006
47.12890 0.001
47.14189 0.007
47.16369 0.012
47.16715 0.006
47.17284 0.001
47.20431 0.005
47.22231 0.003
47.22640 0.012
47.23932 0.001
47.25201 0.007
47.26654 0.004
47.27527 0.001
47.32020 0.001
47.32140 0.002
47.36615 0.002
47.38529 0.005
47.38675 0.008
47.39210 0.001
47.41162 0.005
47.41635 0.003
47.41918 0.002
47.41962 0.002
47.42000 0.003
47.44872 0.005
47.49237 0.011
47.51224 0.002
47.51517 0.006
47.51903 0.004
47.51941 0.003
47.52376 0.003
47.53610 0.002
47.54158 0.005
47.55886 0.003
47.59200 0.002
47.59366 0.007
47.61244 0.005
47.61650 0.003
47.64609 0.004
47.64868 0.002
47.68700 0.002
47.79804 0.001
47.82102 0.006
47.84398 0.010
47.92604 0.006
47.93031 0.005
47.93474 0.012
47.93755 0.010
48.00716 0.002
48.01821 0.004
48.01941 0.005
48.02047 0.002
48.03932 0.002
48.04234 0.002
48.05580 0.001
48.07116 0.005
48.07260 0.003
48.07734 0.007
48.11160 0.003
48.11868 0.009
48.13364 0.012
48.14400 0.002
48.14791 0.001
48.18051 0.002
48.19137 0.002
48.20158 0.002
48.23470 0.002
48.24866 0.002
48.25399 0.014
48.33412 0.003
48.37944 0.009
48.38175 0.013
48.38428 0.002
48.38522 0.001
48.40776 0.002
48.41366 0.003
48.41439 0.001
48.42879 0.005
48.45755 0.007
48.46434 0.001
48.47696 0.006
48.50216 0.006
48.52415 0.001
48.53239 0.014
48.53300 0.007
48.54939 0.002
48.55093 0.011
48.56140 0.002
48.57236 0.004
48.58226 0.007
48.59106 0.002
48.59383 0.009
48.59721 0.012
48.60786 0.020
48.61944 0.006
48.75988 0.002
48.79445 0.006
48.81182 0.003
48.83569 0.010
48.84338 0.006
48.86156 0.003
48.86334 0.002
48.86487 0.007
48.89045 0.002
48.90733 0.003
48.90853 0.002
48.92010 0.002
48.94333 0.002
48.94555 0.007
48.95889 0.005
49.01703 0.007
49.03193 0.008
49.03615 0.009
49.05113 0.004
49.05406 0.006
49.08038 0.011
49.09553 0.005
49.10691 0.001
49.11092 0.002
49.18583 0.007
49.24483 0.002
49.31124 0.002
49.33870 0.002
49.37507 0.005
49.37639 0.006
49.40944 0.003
49.41614 0.001
49.48342 0.018
49.52918 0.008
49.54476 0.001
49.55702 0.001
49.57298 0.002
49.58731 0.004
49.59155 0.003
49.59612 0.002
49.59832 0.005
49.60111 0.002
49.68513 0.004
49.74100 0.003
49.76774 0.008
49.77936 0.001
49.78285 0.003
49.79815 0.001
49.83644 0.001
49.84558 0.002
49.85749 0.011
49.90486 0.001
49.90785 0.004
49.91822 0.005
49.93767 0.002
49.97448 0.002
49.98200 0.002
49.98372 0.003
49.99758 0.002
50.00591 0.002
50.03854 0.003
50.04033 0.001
50.08720 0.002
50.12152 0.002
50.15398 0.001
50.17450 0.006
50.18475 0.004
50.23891 0.003
50.25326 0.005
50.26772 0.005
50.29127 0.004
50.29875 0.001
50.34350 0.002
50.35501 0.003
50.37148 0.003
50.37168 0.002
50.38084 0.001
50.38750 0.004
50.41361 0.004
50.45005 0.004
50.45228 0.010
50.47609 0.009
50.52070 0.003
50.52356 0.002
50.55230 0.003
50.55331 0.001
50.57115 0.003
50.62974 0.002
50.63062 0.002
50.63486 0.002
50.65423 0.008
50.65669 0.002
50.68246 0.003
50.69532 0.002
50.73517 0.004
50.78188 0.007
50.81791 0.004
50.85450 0.002
50.86260 0.004
50.89915 0.002
50.90560 0.002
50.90921 0.005
50.92147 0.002
50.92242 0.002
50.93900 0.002
50.95037 0.001
50.95619 0.005
50.98368 0.015
51.01490 0.003
51.02344 0.009
51.03421 0.009
51.04572 0.007
51.04768 0.002
51.04974 0.001
51.09271 0.007
51.14525 0.005
51.15199 0.002
51.19927 0.002
51.21661 0.002
51.30420 0.006
51.30641 0.001
51.31356 0.003
51.31838 0.001
51.33049 0.028
51.35043 0.006
51.35843 0.002
51.39210 0.008
51.41040 0.002
51.44747 0.001
51.51976 0.004
51.52389 0.004
51.56374 0.001
51.58105 0.005
51.60322 0.001
51.63207 0.004
51.67211 0.002
51.70333 0.005
51.74543 0.007
51.76097 0.004
51.84060 0.002
51.84529 0.002
51.89016 0.002
51.89689 0.001
51.90968 0.003
51.93962 0.003
51.94997 0.004
51.97783 0.003
51.98383 0.002
52.01070 0.004
52.01951 0.003
52.04185 0.001
52.06149 0.002
52.06589 0.002
52.07035 0.005
52.08202 0.004
52.08874 0.003
52.10841 0.002
52.13935 0.005
52.15578 0.005
52.21134 0.003
52.21268 0.002
52.23901 0.009
52.25216 0.003
52.26385 0.003
52.26438 0.004
52.28487 0.004
52.29963 0.002
52.30347 0.004
52.33739 0.002
52.34637 0.001
52.34701 0.003
52.34777 0.002
52.34861 0.003
52.36065 0.001
52.39504 0.001
52.40111 0.003
52.40587 0.001
52.41595 0.001
52.43076 0.002
52.43133 0.005
52.44369 0.001
52.44779 0.002
52.47406 0.005
52.51326 0.005
52.51560 0.001
52.52460 0.010
52.55324 0.003
52.55743 0.002
52.57431 0.002
52.61969 0.001
52.64583 0.001
52.65493 0.002
52.66177 0.003
52.66398 0.001
52.66466 0.004
52.69759 0.001
52.73734 0.004
52.74581 0.004
52.76023 0.005
52.76405 0.001
52.80866 0.003
52.80891 0.003
52.82130 0.001
52.83813 0.004
52.84612 0.009
52.86566 0.001
52.86783 0.001
52.92254 0.001
52.99224 0.004
53.00633 0.005
53.00722 0.003
53.01114 0.003
53.03970 0.001
53.04132 0.007
53.04377 0.002
53.04670 0.002
53.07064 0.005
53.07694 0.006
53.08469 0.002
53.08557 0.003
53.09581 0.001
53.10144 0.006
53.12788 0.003
53.13235 0.011
53.14278 0.002
53.14805 0.004
53.16699 0.002
53.17023 0.003
53.18847 0.003
53.20657 0.002
53.21538 0.003
53.22888 0.003
53.23707 0.002
53.25263 0.003
53.25482 0.004
53.27735 0.001
53.28772 0.003
53.30227 0.001
53.31040 0.011
53.31846 0.002
53.36163 0.002
53.37017 0.007
53.37984 0.002
53.40716 0.002
53.42022 0.010
53.43052 0.006
53.43417 0.002
53.45226 0.001
53.47432 0.004
53.50821 0.002
53.51087 0.006
53.54697 0.005
53.56107 0.003
53.58764 0.003
53.60125 0.002
53.60136 0.003
53.61243 0.002
53.67706 0.001
53.68604 0.002
53.73814 0.001
53.74721 0.001
53.74890 0.016
53.75664 0.001
53.77879 0.006
53.78983 0.002
53.80850 0.002
53.81520 0.001
53.83922 0.013
53.86626 0.013
53.89794 0.002
53.90149 0.001
53.92129 0.007
53.92840 0.003
53.93011 0.003
53.93964 0.002
53.94618 0.005
53.94658 0.004
53.95180 0.002
53.98015 0.007
53.98611 0.004
53.98918 0.003
53.99447 0.002
54.05418 0.004
54.06268 0.001
54.06987 0.002
54.08570 0.002
54.10538 0.001
54.10921 0.002
54.11945 0.002
54.12339 0.003
54.13504 0.003
54.14038 0.009
54.14104 0.002
54.14294 0.002
54.14682 0.002
54.15028 0.002
54.15453 0.006
54.16597 0.006
54.17017 0.003
54.20536 0.014
54.25006 0.002
54.27275 0.003
54.29399 0.002
54.30004 0.007
54.32518 0.002
54.32819 0.003
54.34195 0.002
54.34531 0.003
54.35898 0.001
54.37088 0.001
54.39377 0.003
54.41138 0.003
54.41245 0.001
54.42603 0.002
54.45209 0.001
54.46447 0.003
54.47755 0.001
54.48118 0.004
54.50555 0.002
54.52852 0.002
54.56720 0.003
54.57386 0.002
54.57823 0.002
54.59115 0.004
54.60720 0.002
54.60802 0.002
54.62040 0.001
54.62208 0.003
54.62868 0.004
54.64197 0.003
54.66591 0.001
54.68176 0.002
54.70990 0.002
54.71732 0.003
54.74378 0.001
54.74636 0.005
54.78703 0.004
54.79795 0.001
54.80386 0.002
54.80761 0.001
54.81244 0.003
54.84502 0.004
54.88469 0.004
54.89384 0.003
54.89755 0.001
54.89975 0.002
54.90621 0.001
54.91610 0.001
54.96215 0.002
54.98868 0.005
54.98930 0.001
54.99823 0.004
54.99952 0.005
55.01643 0.002
55.01951 0.002
55.05342 0.002
55.07094 0.002
55.07438 0.003
55.08123 0.003
55.08413 0.003
55.10668 0.003
55.10985 0.002
55.11592 0.002
55.14468 0.004
55.19262 0.001
55.19921 0.002
55.23035 0.003
55.24302 0.004
55.25744 0.004
55.26485 0.003
55.27114 0.004
55.27911 0.001
55.29720 0.004
55.34047 0.003
55.34222 0.001
55.42118 0.002
55.42686 0.010
55.43990 0.002
55.45079 0.004
55.45831 0.003
55.47456 0.001
55.47493 0.004
55.47770 0.002
55.50111 0.004
55.51446 0.001
55.51987 0.001
55.53243 0.001
55.55200 0.013
55.57471 0.006
55.57791 0.001
55.58135 0.005
55.62225 0.001
55.66334 0.002
55.67382 0.002
55.68004 0.002
55.69955 0.003
55.71250 0.001
55.73264 0.002
55.73344 0.003
55.73925 0.001
55.75349 0.003
55.78604 0.002
55.78721 0.002
55.79932 0.001
55.82684 0.003
55.83279 0.004
55.83316 0.002
55.85447 0.002
55.86474 0.002
55.86630 0.002
55.87652 0.001
55.88979 0.002
55.89119 0.002
55.89647 0.003
55.89954 0.002
55.90288 0.005
55.92719 0.001
55.93231 0.002
55.93413 0.003
55.94339 0.002
55.96021 0.002
55.96352 0.013
55.97004 0.004
55.97752 0.004
55.98858 0.002
56.05918 0.001
56.07374 0.003
56.09303 0.002
56.15090 0.003
56.15765 0.003
56.17423 0.001
56.17521 0.003
56.18807 0.002
56.26239 0.002
56.32802 0.003
56.34780 0.001
56.34904 0.002
56.38640 0.001
56.41873 0.001
56.42270 0.003
56.42511 0.001
56.43582 0.001
56.45992 0.001
56.46085 0.001
56.47745 0.001
56.54759 0.001
56.56948 0.001
56.57612 0.004
56.57883 0.003
56.58855 0.002
56.62211 0.002
56.63556 0.001
56.66270 0.001
56.66421 0.005
56.67841 0.003
56.68505 0.002
56.71323 0.002
56.73591 0.002
56.74717 0.001
56.82156 0.002
56.82186 0.002
56.82574 0.004
56.83306 0.010
56.84212 0.005
56.84958 0.001
56.85679 0.003
56.91345 0.001
56.93496 0.002
56.95836 0.001
56.96367 0.008
57.01752 0.002
57.02162 0.002
57.02435 0.001
57.02981 0.002
57.05215 0.002
57.05244 0.001
57.06120 0.003
57.08069 0.001
57.08267 0.003
57.08760 0.001
57.10971 0.002
57.11186 0.003
57.11910 0.001
57.12933 0.002
57.18940 0.001
57.20567 0.002
57.22285 0.001
57.22287 0.008
57.26014 0.003
57.29205 0.001
57.31568 0.001
57.34205 0.001
57.34349 0.004
57.36692 0.001
57.39315 0.003
57.44160 0.001
57.51525 0.001
57.56894 0.001
57.57388 0.002
57.67295 0.005
57.68565 0.002
57.72452 0.001
57.74009 0.002
57.74831 0.001
57.79980 0.001
57.81948 0.005
57.83566 0.002
57.84151 0.002
57.88073 0.003
57.89883 0.002
57.91814 0.001
57.92051 0.002
57.93135 0.001
57.94793 0.003
57.95038 0.004
57.96346 0.002
57.96686 0.003
57.98912 0.002
58.00731 0.002
58.02289 0.001
58.02399 0.002
58.03212 0.001
58.03431 0.002
58.08152 0.001
58.09159 0.004
58.14463 0.002
58.17781 0.002
58.18593 0.003
58.18975 0.001
58.19691 0.002
58.21884 0.002
58.22824 0.001
58.25010 0.001
58.27747 0.002
58.28557 0.002
58.33254 0.001
58.39919 0.002
58.40227 0.002
58.40251 0.003
58.42590 0.001
58.43396 0.002
58.43659 0.002
58.43835 0.002
58.43895 0.001
58.46638 0.002
58.47884 0.005
58.48332 0.004
58.50364 0.002
58.50407 0.002
58.51337 0.002
58.54326 0.001
58.56650 0.001
58.59262 0.003
58.59450 0.001
58.60352 0.002
58.60901 0.001
58.65194 0.001
58.66832 0.002
58.68705 0.002
58.69310 0.001
58.69857 0.001
58.72432 0.003
58.73493 0.001
58.73715 0.001
58.74143 0.001
58.79413 0.003
58.82861 0.004
58.84647 0.003
58.84781 0.001
58.86145 0.002
58.93725 0.003
58.93831 0.005
58.97333 0.001
58.98390 0.002
59.01090 0.001
59.01909 0.001
59.02005 0.001
59.04278 0.001
59.04696 0.001
59.07637 0.002
59.08355 0.001
59.14356 0.002
59.15037 0.004
59.17679 0.001
59.19023 0.001
59.20427 0.004
59.25509 0.002
59.25718 0.003
59.27754 0.001
59.28288 0.002
59.28683 0.002
59.32275 0.006
59.34182 0.002
59.38144 0.002
59.40287 0.003
59.40885 0.003
59.47257 0.002
59.47440 0.003
59.49310 0.001
59.52226 0.001
59.52412 0.002
59.52527 0.002
59.54890 0.001
59.57131 0.001
59.63434 0.003
59.64091 0.005
59.64979 0.002
59.66117 0.001
59.67957 0.002
59.72169 0.002
59.72967 0.001
59.74165 0.001
59.77455 0.003
59.78115 0.001
59.79699 0.001
59.81975 0.003
59.85237 0.003
59.86306 0.002
59.87433 0.001
59.90046 0.002
59.90826 0.002
59.92556 0.003
59.93086 0.002
59.93879 0.005
59.94506 0.003
59.98070 0.001
