6.79083 100.000
6.79127 99.887
6.79131 99.887
11.77613 4.338
11.77619 4.338
11.77696 4.339
13.60565 6.971
13.60654 6.953
13.60662 6.953
18.03078 1.135
18.03085 1.135
18.03129 1.131
18.03140 1.132
18.03220 1.133
18.03225 1.133
20.46924 0.294
20.47059 0.294
20.47070 0.294
23.67897 0.042
23.67910 0.042
23.68067 0.042
24.66035 0.046
24.66042 0.046
24.66135 0.046
24.66151 0.046
24.66231 0.046
24.66239 0.046
25.63975 32.541
26.55289 3.542
26.55318 3.539
26.55350 3.519
26.55382 3.505
26.55417 3.485
26.55420 3.491
27.40799 0.014
27.40982 0.014
27.40996 0.015
28.29801 0.536
28.29830 0.516
28.29911 0.503
28.29975 0.475
28.29984 0.463
28.30018 0.445
29.13434 0.715
29.13510 0.724
29.13568 0.749
29.13627 0.760
29.13675 0.798
29.13692 0.786
29.92245 0.219
29.92259 0.219
29.92298 0.218
29.92316 0.219
29.92480 0.219
29.92484 0.218
31.49642 0.044
31.49649 0.044
31.49793 0.044
31.49812 0.044
31.49890 0.044
31.49903 0.044
31.52231 0.223
31.52256 0.220
31.52277 0.224
31.52328 0.218
31.52397 0.222
31.52451 0.212
31.52481 0.217
31.52495 0.212
31.52507 0.210
31.52539 0.415
31.52559 0.206
33.02762 0.077
33.02895 0.078
33.02970 0.071
33.03049 0.066
33.03085 0.060
33.03139 0.060
34.45090 0.032
34.45322 0.033
34.45341 0.033
35.17865 0.015
35.17908 0.014
35.18101 0.014
35.18161 0.012
35.18205 0.012
35.18222 0.011
35.84809 0.092
35.84828 0.092
35.85071 0.092
35.87002 0.016
35.87022 0.016
35.87104 0.017
35.87169 0.018
35.87229 0.016
35.87323 0.018
35.87325 0.015
35.87343 0.015
35.87347 0.017
35.87377 0.017
35.87430 0.034
36.52844 0.223
36.52858 0.223
36.52950 0.222
36.52973 0.222
36.53140 0.222
36.53149 0.222
37.87946 0.003
37.88141 0.003
37.88228 0.002
37.88321 0.001
38.50835 0.609
38.50843 0.609
38.51038 0.608
38.51061 0.608
38.51138 0.608
38.51154 0.608
39.80248 0.079
39.80285 0.078
39.80304 0.081
39.80360 0.086
39.80549 0.078
39.80592 0.087
39.80604 0.090
39.80611 0.081
39.80662 0.088
39.80663 0.080
39.80695 0.086
39.80712 0.089
41.04195 0.017
41.04212 0.017
41.04357 0.018
41.04433 0.019
41.04485 0.018
41.04589 0.020
41.04591 0.023
41.04609 0.042
41.04620 0.023
41.04717 0.023
41.04733 0.023
41.63088 1.455
41.63372 1.458
41.63395 1.458
42.23303 0.095
42.23323 0.095
42.23357 0.094
42.23382 0.094
42.23636 0.094
42.23640 0.094
43.41534 0.048
43.41549 0.048
43.41695 0.049
43.41723 0.049
43.41893 0.048
43.41906 0.048
43.43379 0.012
43.43637 0.012
43.43731 0.013
43.43805 0.012
43.43835 0.013
43.43959 0.013
44.59151 0.040
44.59199 0.041
44.59509 0.041
44.59511 0.042
44.59591 0.042
44.59637 0.041
45.16070 0.103
45.16100 0.101
45.16186 0.103
45.16251 0.104
45.16437 0.101
45.16471 0.104
45.16498 0.100
45.16513 0.104
45.16525 0.103
45.16557 0.101
45.16601 0.101
45.16646 0.103
45.70676 0.018
45.70683 0.018
45.70932 0.018
45.70961 0.018
45.71036 0.018
45.71056 0.018
46.83681 0.290
46.83696 0.288
46.83908 0.291
46.83990 0.293
46.84037 0.288
46.84117 0.295
46.84144 0.293
46.84146 0.288
46.84169 0.289
46.84184 0.294
46.84292 0.292
46.84321 0.295
48.45255 0.011
48.45282 0.011
48.45619 0.011
48.98641 0.304
48.98982 0.303
48.99009 0.303
49.53349 0.734
49.53674 0.734
49.53772 0.735
49.53812 0.734
49.53886 0.737
49.54024 0.737
50.06042 0.051
50.06082 0.049
50.06103 0.052
50.06159 0.053
50.06444 0.052
50.06463 0.048
50.06472 0.048
50.06506 0.053
50.06521 0.050
50.06564 0.049
50.06605 0.048
50.06647 0.052
51.10062 0.027
51.10087 0.026
51.10242 0.027
51.10314 0.028
51.10498 0.025
51.10500 0.026
51.10552 0.025
51.10557 0.025
51.10600 0.028
51.10621 0.024
51.10678 0.025
51.10746 0.027
52.68979 2.366
53.12199 0.018
53.12207 0.018
53.12514 0.018
53.12548 0.018
53.12621 0.018
53.12646 0.018
53.13748 0.010
53.13760 0.010
53.14041 0.010
53.14128 0.010
53.14172 0.011
53.14217 0.010
53.14243 0.010
53.14284 0.010
53.14309 0.011
53.14336 0.010
53.14446 0.011
53.14486 0.010
53.19276 0.289
53.19301 0.289
53.19337 0.285
53.19373 0.282
53.19411 0.279
53.19422 0.280
54.18992 0.068
54.19027 0.063
54.19101 0.061
54.19175 0.055
54.19207 0.052
54.19246 0.049
54.68380 0.056
54.68443 0.058
54.68514 0.062
54.68584 0.064
54.68660 0.068
54.68667 0.070
55.10752 0.005
55.10781 0.005
55.10809 0.005
55.10843 0.005
55.11197 0.005
55.11202 0.005
55.61125 0.008
55.61173 0.007
55.61526 0.007
55.61607 0.007
55.61624 0.007
55.61752 0.007
56.09577 0.175
56.09972 0.174
56.10071 0.173
56.10074 0.174
56.10195 0.173
56.10346 0.172
56.14808 0.028
56.14842 0.028
56.14846 0.029
56.14914 0.027
56.14966 0.028
56.15035 0.026
56.15072 0.027
56.15124 0.025
56.15144 0.024
56.15159 0.025
56.15197 0.024
56.15201 0.024
56.56403 0.082
56.56805 0.081
56.56838 0.081
57.11048 0.011
57.11160 0.011
57.11262 0.009
57.11365 0.008
57.11467 0.006
57.11476 0.006
58.53516 0.003
58.53580 0.003
58.53761 0.003
58.53902 0.002
58.53923 0.002
58.53999 0.002
59.00487 0.002
59.00518 0.002
59.00573 0.002
59.00671 0.003
59.00701 0.002
59.00834 0.003
59.00837 0.002
59.00908 0.002
59.00962 0.002
59.00978 0.002
59.01001 0.002
59.01020 0.002
59.88850 0.012
59.88860 0.012
59.89215 0.013
59.89305 0.012
59.89348 0.012
59.89351 0.011
59.89376 0.011
59.89463 0.011
59.89489 0.011
59.89528 0.012
59.89641 0.011
59.89690 0.012
