11.80819 22.446
11.80862 22.461
11.80977 22.533
12.35157 99.067
12.35225 100.000
12.35228 99.328
17.11893 25.840
17.12057 26.729
17.12217 26.057
20.52537 1.578
20.52738 1.584
20.52815 1.597
20.84776 3.838
20.84809 3.832
20.84814 3.822
20.84905 3.805
20.84910 3.854
20.85034 3.925
21.78606 55.429
21.78672 55.492
21.78776 55.252
23.74414 0.201
23.74503 0.208
23.74737 0.210
24.84963 3.979
24.85103 3.364
24.85109 4.031
26.84714 0.158
26.84721 0.148
26.84928 0.175
26.85038 0.196
26.85144 0.167
26.85247 0.177
27.59297 1.814
27.59341 1.828
27.59502 1.683
27.59506 1.684
27.59706 1.752
27.59754 1.833
29.42030 0.035
29.42170 0.053
29.42217 0.061
31.22280 81.435
31.58394 0.243
31.58445 0.242
31.58618 0.238
31.58755 0.242
31.58805 0.234
31.58890 0.241
31.80137 0.963
31.80143 0.989
31.80155 0.993
31.80300 1.021
31.80426 0.960
31.80565 0.955
32.44264 0.196
32.44378 0.233
32.44387 0.163
32.44398 0.211
32.44492 0.174
32.44617 0.219
33.48728 1.115
33.48807 1.289
33.48816 1.031
33.48900 1.014
33.49008 1.426
33.49012 1.029
34.63561 0.045
34.63901 0.014
34.64233 0.043
35.94865 0.484
35.95002 0.484
35.95363 0.482
36.14033 0.019
36.14437 0.023
36.14713 0.025
36.71513 0.544
36.71551 0.553
36.71759 0.582
36.71874 0.584
36.72040 0.532
36.72194 0.551
37.65597 0.033
37.65711 0.528
37.65838 0.054
37.65928 0.622
37.65937 0.476
37.66141 0.078
38.14876 1.341
38.14916 1.328
38.15111 1.332
38.15377 1.354
38.15380 1.304
38.15606 1.330
39.59833 0.035
39.59943 0.041
39.60060 0.052
39.60102 0.051
39.60324 0.052
39.60392 0.052
40.07213 2.373
40.07291 2.400
40.07427 2.363
40.07451 2.377
40.07599 2.345
40.07652 2.368
40.60063 0.515
40.60078 0.533
40.60234 0.515
41.74907 7.622
41.75332 7.603
41.75492 7.651
42.42871 0.326
42.42939 0.350
42.42951 0.339
42.43143 0.330
42.43154 0.324
42.43415 0.342
42.65408 0.368
42.65508 0.447
42.65546 0.350
43.53889 0.253
43.53993 0.250
43.54129 0.249
43.54323 0.253
43.54506 0.252
43.54597 0.258
43.70481 0.392
43.70487 0.399
43.70551 0.403
43.70706 0.411
43.70963 0.385
43.71111 0.397
44.19405 2.346
44.19408 2.357
44.19825 2.360
44.19921 2.373
44.20227 2.336
44.20327 2.361
44.41375 2.064
44.41517 2.147
44.41736 2.154
45.00578 0.249
45.00714 0.216
45.00770 0.047
45.00776 0.207
45.00789 0.243
45.00797 0.018
45.00902 0.261
45.01025 0.191
45.01171 0.006
45.01235 0.013
46.12022 0.230
46.12124 0.255
46.12185 0.165
46.12294 0.215
46.12405 0.206
46.12412 0.194
47.10849 0.015
47.10878 0.016
47.11305 0.015
47.11462 0.015
47.11645 0.018
47.11772 0.016
47.57314 0.342
47.57325 0.361
47.57560 0.346
47.57832 0.356
47.57912 0.339
47.58194 0.358
48.33849 0.163
48.33955 0.150
48.34159 0.162
48.34235 0.130
48.34479 0.172
48.34661 0.123
48.59246 0.053
48.59436 0.055
48.59939 0.055
49.39530 0.006
49.39595 0.008
49.39819 0.050
49.39857 0.031
49.40194 0.027
49.40222 0.042
50.33625 0.001
50.33707 0.001
50.33759 1.236
50.34181 1.256
50.34210 1.235
50.34323 0.002
50.34568 0.001
50.78020 0.298
50.78116 0.292
50.78133 0.299
50.78222 0.288
50.78287 0.304
50.78471 0.290
50.97531 0.038
50.97834 0.030
50.97846 0.005
51.89491 0.001
51.89642 0.002
51.90117 0.001
51.90176 0.001
52.51814 0.157
52.52002 0.153
52.52058 0.140
52.52166 0.135
52.52404 0.160
52.52484 0.148
53.03963 2.077
53.04382 3.292
53.04482 3.288
53.04508 2.056
53.04645 3.279
53.05039 2.088
53.27724 0.088
53.27780 0.088
53.28195 0.088
53.28397 0.089
53.28428 0.091
53.28575 0.092
53.79914 3.578
53.79977 3.599
53.80090 3.538
53.84125 1.264
53.84449 0.002
53.84465 0.003
53.84477 0.008
53.84748 1.262
53.84752 0.005
53.84891 0.006
53.85182 0.006
53.85235 1.260
54.54256 0.020
54.54299 0.039
54.54502 0.198
54.54662 0.183
54.54678 0.178
54.54720 0.017
54.54796 0.165
54.54846 0.020
54.54896 0.194
54.55174 0.172
54.55209 0.021
54.55378 0.024
55.28710 0.087
55.28910 0.017
55.28975 0.068
55.32936 0.003
55.32951 0.001
55.33406 0.001
55.33648 0.002
55.34107 0.003
55.51420 0.058
55.51864 0.076
55.52382 0.073
56.38465 0.029
56.38472 0.029
56.38592 0.027
56.38757 0.029
56.39161 0.030
56.39319 0.029
56.74847 0.120
56.74934 0.137
56.75023 0.101
56.75114 0.098
56.75350 0.142
56.75354 0.105
56.97249 0.490
56.97347 0.513
56.97702 0.518
56.97711 0.533
56.98152 0.485
56.98259 0.522
57.82627 0.486
57.83301 0.485
57.83693 0.481
58.40922 0.233
58.41063 0.197
58.41214 0.207
58.41231 0.203
58.41353 0.232
58.41476 0.206
58.89564 0.033
58.89644 0.029
58.89882 0.027
58.90123 0.025
58.90296 0.030
58.90618 0.026
59.24851 0.001
59.60268 0.027
59.60381 0.036
59.60523 0.057
59.60647 0.017
59.60762 0.045
59.60773 0.016
59.64496 0.012
59.64526 0.014
59.64755 0.017
59.65183 0.016
59.65215 0.016
59.65614 0.014
