7.50306 100.000
7.50312 99.992
9.33502 71.693
11.76433 5.710
15.03854 6.060
15.03865 6.062
15.21419 2.960
15.21427 2.960
18.29972 1.523
18.29979 1.524
18.73272 3.742
20.15988 3.548
21.49883 0.970
21.49984 0.972
21.57671 1.588
21.57768 1.588
22.17702 0.507
22.17717 0.509
22.18186 0.205
22.33278 5.799
22.64012 0.414
22.64028 0.415
23.40277 1.207
23.40460 1.202
23.65500 0.074
24.21976 0.689
24.21985 0.687
25.17789 0.105
25.17966 0.105
25.25236 0.061
25.25326 0.061
25.31200 2.877
25.31363 2.877
25.45267 8.754
25.45347 8.764
25.48003 0.055
25.48016 0.055
27.32457 0.023
27.32698 0.023
27.38682 0.046
27.38913 0.046
27.53119 0.010
27.77752 31.873
28.25967 0.290
29.54504 0.063
29.54526 0.062
30.03032 0.278
30.03188 0.278
30.07100 0.282
30.07107 0.283
30.25811 0.506
30.25943 0.510
30.34420 0.016
30.34443 0.016
30.40910 0.254
30.41138 0.254
30.57821 0.222
30.58022 0.223
30.70518 0.001
30.70535 0.001
31.57411 0.057
31.57487 0.057
31.84608 0.982
31.84670 0.983
32.65006 0.042
32.65285 0.042
32.75597 0.056
32.75854 0.055
32.97382 0.077
32.97402 0.077
33.64158 0.021
33.64167 0.022
34.81076 0.028
35.11005 2.348
35.81109 0.122
35.90802 0.121
35.91006 0.121
36.15117 0.228
36.15283 0.229
36.44717 0.004
36.45028 0.004
36.49532 0.007
36.49830 0.007
36.60639 0.300
36.60901 0.300
36.79788 0.020
36.80011 0.020
36.86574 0.326
36.86709 0.326
37.08821 0.262
37.08835 0.262
37.15079 0.086
37.15185 0.085
37.17531 0.060
37.17559 0.060
37.76687 0.131
37.76711 0.131
37.99093 0.028
38.19165 0.092
38.19194 0.093
38.88405 0.813
38.88710 0.813
39.02061 0.095
39.02332 0.095
39.37566 0.820
39.37631 0.819
39.69007 0.145
39.69056 0.145
39.90549 0.159
39.90567 0.159
40.71364 0.625
40.71390 0.626
40.98003 0.013
41.43525 0.632
41.43853 0.633
41.67906 0.053
41.68016 0.053
41.76496 0.010
41.76604 0.010
42.03870 0.045
42.20915 0.002
42.32203 0.130
42.32210 0.131
42.52062 0.112
42.52301 0.112
42.52687 1.676
42.53021 1.676
42.61150 0.212
42.61458 0.212
42.77401 0.005
42.77589 0.005
42.78182 0.044
42.78395 0.044
43.02976 0.123
43.03157 0.123
43.21092 1.571
43.32239 0.086
43.32376 0.085
43.40009 0.006
43.40018 0.006
43.45252 0.062
43.45542 0.062
43.54385 0.180
43.66018 0.090
43.66255 0.089
43.80497 0.080
43.80711 0.080
43.83042 0.402
43.83149 0.402
43.96994 0.054
43.97198 0.054
44.07753 0.086
44.07854 0.087
44.52973 0.080
44.52994 0.080
44.94056 0.044
44.94174 0.044
45.05010 0.331
45.05045 0.331
45.17990 0.043
45.18299 0.043
45.24407 0.061
45.24439 0.061
45.25435 1.493
45.26046 0.041
45.26349 0.041
45.26352 0.004
45.26438 0.004
45.57541 0.188
45.75481 0.023
45.75808 0.022
45.91443 0.047
45.91722 0.047
46.23012 1.415
46.23047 1.415
46.79869 0.035
46.79895 0.035
46.92396 0.064
46.92602 0.064
47.20364 0.080
47.20669 0.080
47.23628 0.194
47.23818 0.193
47.28294 0.007
47.28646 0.007
47.32190 0.026
47.32528 0.026
47.86022 0.190
47.86413 0.190
47.97787 0.051
47.97889 0.051
48.12127 0.003
48.12184 0.003
48.36152 0.131
48.36244 0.131
48.40108 0.019
48.46593 0.070
48.46632 0.070
48.70664 0.055
48.70697 0.055
48.79946 0.108
48.80339 0.107
48.95131 0.004
48.95508 0.004
49.27783 0.409
49.28137 0.409
49.39107 0.072
49.39422 0.072
49.61543 0.181
49.61562 0.180
49.84701 0.010
49.84920 0.010
49.94758 0.046
49.94962 0.046
50.14581 0.004
50.14741 0.004
50.30190 0.340
50.74626 0.147
51.02243 0.049
51.02490 0.049
51.60645 0.010
51.60759 0.010
51.62002 0.018
51.62469 0.018
51.68642 0.024
51.69026 0.024
51.69295 0.336
51.69752 0.336
51.97741 0.003
51.98094 0.003
52.28296 0.324
52.28468 0.324
52.34242 0.001
52.34270 0.001
52.39980 0.321
52.75969 0.052
53.09121 0.041
53.09161 0.041
53.13594 0.027
53.13942 0.027
53.19727 0.039
53.19770 0.039
53.31467 0.050
53.31752 0.050
53.54855 0.300
53.54865 0.299
53.67315 0.008
53.67752 0.008
53.77512 0.030
53.77608 0.030
53.84806 0.018
53.85179 0.018
53.91897 0.001
53.92241 0.001
54.20411 0.022
54.20446 0.022
54.25641 0.003
54.25713 0.003
54.26967 0.832
54.27050 0.834
54.51737 0.212
54.51780 0.212
55.15708 0.007
55.15716 0.007
56.30670 0.002
56.31039 0.002
56.38002 0.001
56.38534 0.001
56.48662 0.037
56.48690 0.037
56.51731 0.409
56.52242 0.409
56.58504 0.113
56.58878 0.113
56.71817 0.011
56.72143 0.011
56.72217 0.011
56.72537 0.011
56.83600 0.100
56.99406 0.026
56.99447 0.025
57.08385 0.004
57.08837 0.004
57.18203 0.016
57.18444 0.016
57.21159 0.005
57.21413 0.005
57.38063 1.800
57.51744 0.065
57.51921 0.065
57.60088 0.116
57.60305 0.115
57.61384 0.006
57.61436 0.006
57.98549 0.001
57.98583 0.001
58.25491 0.008
58.25695 0.008
58.44993 0.367
58.59074 0.017
58.59211 0.017
58.79768 0.047
58.79924 0.047
58.83793 0.040
58.84049 0.040
59.00584 0.001
59.01111 0.001
59.27241 0.139
59.27727 0.140
59.85173 0.007
59.85193 0.007
