7.11571 99.985
7.11586 100.000
7.98312 75.014
11.79581 4.712
13.36523 3.837
13.36546 3.843
14.25905 6.633
14.25935 6.629
16.00533 4.008
18.18331 1.235
18.18348 1.236
19.92833 0.920
19.92876 0.922
20.90831 0.824
20.90856 0.825
21.45862 0.327
21.45907 0.328
23.56421 2.499
23.71898 0.041
24.10744 0.374
24.37982 0.639
24.38020 0.644
24.38995 5.683
24.90676 0.475
24.90705 0.476
25.06339 0.042
25.06373 0.042
25.43312 0.056
26.42761 0.462
26.42823 0.464
26.45534 3.547
26.45577 3.550
26.88461 0.051
26.88521 0.050
26.91673 0.027
26.91721 0.027
27.17177 1.184
27.17253 1.179
27.68471 27.619
27.89854 0.042
27.89871 0.042
28.11891 0.037
28.11934 0.037
28.74509 0.022
28.74569 0.023
28.83560 0.032
28.83587 0.032
29.70405 0.053
29.70499 0.055
30.04954 0.237
30.04973 0.236
30.14457 0.018
30.14528 0.018
30.18532 0.443
30.18616 0.447
30.64379 2.679
30.64424 2.683
31.45504 0.146
31.45614 0.147
31.89007 0.205
31.89031 0.205
32.19794 0.041
32.19845 0.040
32.33403 0.041
32.69651 0.168
32.69697 0.167
32.73518 0.050
32.73527 0.050
32.76502 1.490
33.51160 0.176
33.51229 0.176
34.07403 0.026
34.07481 0.025
34.28034 0.035
34.28158 0.035
34.53003 0.130
34.53055 0.131
34.93684 0.360
34.93770 0.358
35.05310 0.050
35.05380 0.050
35.10282 0.243
35.10401 0.244
35.12583 0.027
35.90982 0.101
36.15247 0.024
36.15324 0.024
36.28903 0.341
36.28948 0.343
36.76910 0.009
36.77050 0.009
36.84582 0.242
36.84619 0.242
36.97058 0.093
36.97081 0.093
37.01484 0.020
37.01511 0.020
37.17693 0.229
37.17702 0.229
38.21347 0.201
38.21389 0.201
38.35984 0.038
38.36110 0.038
38.71263 0.025
38.71358 0.025
38.81278 0.646
38.81279 0.647
39.02287 0.073
39.53994 0.613
39.54063 0.613
39.77322 0.115
39.77472 0.114
40.19868 0.072
40.19991 0.074
40.49358 0.190
40.49448 0.190
40.73591 0.035
40.79303 0.537
40.79366 0.536
40.84907 0.002
40.85058 0.002
40.86553 0.057
40.86629 0.057
40.90625 0.086
40.90712 0.087
41.46973 0.528
41.47069 0.527
41.73608 1.588
42.36330 0.099
42.36349 0.099
42.52665 0.103
42.52669 0.104
42.55648 0.122
42.55702 0.122
42.80633 0.056
42.80801 0.055
42.82605 0.098
42.82622 0.098
42.91636 0.079
42.91680 0.079
43.40114 0.423
43.40234 0.423
43.52270 0.054
43.52272 0.054
43.71983 1.288
43.72078 1.288
43.88717 0.115
43.88868 0.115
43.98618 0.046
43.98673 0.046
44.39985 0.048
44.40017 0.047
44.51772 1.246
44.51858 1.246
45.44689 0.326
45.44717 0.326
45.74635 0.023
45.74639 0.023
45.93534 0.041
45.93709 0.041
46.09137 0.099
46.17691 0.008
46.17848 0.009
46.36051 0.013
46.36176 0.012
47.09806 0.014
47.09893 0.014
47.14664 0.022
47.14717 0.022
47.20752 0.008
47.20933 0.008
47.68073 0.074
47.68172 0.074
47.74756 0.004
47.74843 0.004
47.79545 0.039
47.79656 0.039
48.20629 0.019
48.36150 0.001
48.50265 0.009
48.50304 0.009
48.53843 0.011
48.56662 0.012
48.56666 0.012
48.75057 0.048
48.75137 0.048
48.89619 0.040
48.89763 0.040
49.06777 0.324
49.08670 0.020
49.08704 0.020
49.08846 0.007
49.08962 0.007
49.18728 0.016
49.18838 0.016
49.37355 0.848
49.39257 0.038
49.39300 0.039
49.39419 0.087
49.39614 0.087
49.52692 0.001
49.80900 0.046
49.80972 0.047
49.96044 0.008
49.96126 0.008
49.98228 0.240
50.06784 0.063
50.06959 0.064
50.26233 0.005
50.26277 0.005
50.92257 0.276
50.92331 0.276
50.94908 0.037
50.94964 0.037
51.09896 0.078
51.09957 0.078
51.10722 0.240
51.10750 0.241
51.49360 0.279
51.49474 0.279
51.54404 0.048
51.54493 0.049
51.65792 0.025
51.65904 0.024
51.70007 0.042
51.70054 0.043
52.21607 0.025
52.21704 0.025
52.24046 0.615
52.47909 0.003
52.48070 0.002
52.63050 0.037
52.63251 0.037
52.72414 0.005
52.72604 0.005
52.96961 0.394
53.33808 0.022
53.33816 0.022
53.34151 0.033
53.34278 0.032
53.75532 0.018
53.75582 0.018
53.79018 0.018
54.00112 0.017
54.00152 0.017
54.06616 0.178
54.06826 0.178
54.15224 0.049
54.15305 0.049
54.17732 0.017
54.17761 0.017
54.40940 0.041
54.41075 0.041
54.44868 0.009
54.44891 0.009
54.47011 0.089
54.47106 0.088
54.55165 0.020
54.55318 0.020
54.72300 0.001
54.90692 0.013
54.90800 0.013
55.17086 0.005
55.17103 0.005
55.20117 0.005
55.20139 0.005
55.25352 0.006
55.25372 0.006
55.27539 0.018
55.27626 0.018
55.29848 0.212
55.29897 0.213
55.41167 0.003
55.41300 0.003
55.48224 0.007
55.48330 0.007
55.58300 0.020
55.58398 0.020
55.62351 0.031
55.62466 0.031
56.04331 0.003
56.04499 0.003
56.20486 0.185
56.45143 0.013
56.45366 0.014
56.79407 0.007
56.79608 0.008
56.97012 0.016
56.97149 0.016
56.99375 0.079
57.10866 0.001
57.17530 1.776
57.59573 0.125
57.59746 0.124
57.83888 0.078
57.83949 0.078
58.11478 0.014
58.11629 0.014
58.13732 0.008
58.13827 0.008
58.19209 0.008
58.19351 0.009
58.20939 0.002
58.20983 0.002
58.32221 0.152
58.38706 0.009
58.38899 0.009
58.60332 0.047
58.60430 0.048
58.81646 0.005
58.81825 0.005
58.96131 0.011
58.96148 0.011
59.16421 0.129
59.16618 0.128
59.53100 0.076
59.53236 0.076
59.58325 0.048
59.58491 0.048
59.77028 0.348
59.77250 0.348
